polarity: 0.04649038461538462
subjectivity: 0.4634294871794871
assessments: [(['wasted'], -0.2, 0.0, None), (['fails'], -0.5, 0.3, None), (['tragic'], -0.75, 0.75, None), (['great'], 0.8, 0.75, None), (['due'], -0.125, 0.375, None), (['southern'], 0.0, 0.0, None), (['worth'], 0.3, 0.1, None), (['killed'], -0.2, 0.0, None), (['missing'], -0.2, 0.05, None), (['total'], 0.0, 0.75, None), (['total'], 0.0, 0.75, None), (['much', 'larger'], 0.0, 0.5, None), (['unprecedented'], 0.6, 0.9, None), (['further'], 0.0, 0.5, None), (['more'], 0.5, 0.5, None), (['heavy'], -0.2, 0.5, None), (['spent'], -0.1, 0.1, None), (['main'], 0.16666666666666666, 0.3333333333333333, None), (['blasted'], -0.6, 0.9, None), (['poor'], -0.4, 0.6, None), (['waste'], -0.2, 0.0, None), (['perpetually'], -0.05, 0.2, None), (['such'], 0.0, 0.5, None), (['unexpected'], 0.1, 1.0, None), (['very', 'clear'], 0.13000000000000003, 0.4983333333333333, None), (['spent'], -0.1, 0.1, None), (['appropriately'], 0.5, 0.5, None), (['more'], 0.5, 0.5, None), (['current'], 0.0, 0.4, None), (['less'], -0.16666666666666666, 0.06666666666666667, None), (['usually'], -0.25, 0.25, None), (['more'], 0.5, 0.5, None), (['action'], 0.1, 0.1, None), (['potentially'], 0.0, 1.0, None), (['very', 'crucial'], 0.0, 1.0, None), (['such'], 0.0, 0.5, None), (['above'], 0.0, 0.1, None), (['most'], 0.5, 0.5, None), (['poorly'], -0.4, 0.6, None), (['not', 'concrete'], -0.07500000000000001, 0.30000000000000004, None), (['easily'], 0.43333333333333335, 0.8333333333333334, None), (['not', 'acting'], -0.0, 0.0, None), (['much'], 0.2, 0.2, None), (['responsible'], 0.2, 0.55, None), (['sensitive'], 0.1, 0.9, None), (['very'], 0.2, 0.3, None), (['many'], 0.5, 0.5, None), (['significant'], 0.375, 0.875, None), (['major'], 0.0625, 0.5, None), (['key'], 0.0, 1.0, None), (['serious'], -0.3333333333333333, 0.6666666666666666, None), (['more'], 0.5, 0.5, None)]
