polarity: 0.1630357142857143
subjectivity: 0.46845238095238095
assessments: [(['southern'], 0.0, 0.0, None), (['different'], 0.0, 0.6, None), (['black'], -0.16666666666666666, 0.43333333333333335, None), (['successful'], 0.75, 0.95, None), (['entire'], 0.0, 0.625, None), (['other'], -0.125, 0.375, None), (['other'], -0.125, 0.375, None), (['whole'], 0.2, 0.4, None), (['worth'], 0.3, 0.1, None), (['right'], 0.2857142857142857, 0.5357142857142857, None), (['happy'], 0.8, 1.0, None), (['more'], 0.5, 0.5, None), (['black'], -0.16666666666666666, 0.43333333333333335, None), (['successful'], 0.75, 0.95, None), (['social'], 0.03333333333333333, 0.06666666666666667, None), (['light'], 0.4, 0.7, None), (['other'], -0.125, 0.375, None), (['other'], -0.125, 0.375, None), (['other'], -0.125, 0.375, None), (['really'], 0.2, 0.2, None)]
