polarity: 0.06944444444444445
subjectivity: 0.3638888888888889
assessments: [(['supporting'], 0.25, 0.25, None), (['vulnerable'], -0.5, 0.5, None), (['many'], 0.5, 0.5, None), (['love'], 0.5, 0.6, None), (['equally'], 0.0, 0.25, None), (['many'], 0.5, 0.5, None), (['fail'], -0.5, 0.29999999999999993, None), (['due'], -0.125, 0.375, None), (['left'], 0.0, 0.0, None)]
