polarity: 0.1407142857142857
subjectivity: 0.40214285714285714
assessments: [(['ten'], 0.0, 0.0, None), (['high'], 0.16, 0.5399999999999999, None), (['back'], 0.0, 0.0, None), (['long'], -0.05, 0.4, None), (['overwhelming'], 0.5, 1.0, None), (['more'], 0.5, 0.5, None), (['due'], -0.125, 0.375, None)]
