polarity: 0.17307692307692307
subjectivity: 0.4106837606837607
assessments: [(['forced'], -0.30000000000000004, 0.2, None), (['following'], 0.0, 0.1, None), (['heavy'], -0.2, 0.5, None), (['mostly'], 0.5, 0.5, None), (['surely'], 0.5, 0.8888888888888888, None), (['most'], 0.5, 0.5, None), (['importantly'], 0.4, 1.0, None), (['same'], 0.0, 0.125, None), (['appealing'], 0.5, 0.5, None), (['higher'], 0.25, 0.5, None), (['near'], 0.1, 0.4, None), (['future'], 0.0, 0.125, None), (['acting'], 0.0, 0.0, None)]
