polarity: -0.07857142857142858
subjectivity: 0.380952380952381
assessments: [(['following'], 0.0, 0.1, None), (['heavy'], -0.2, 0.5, None), (['sour'], -0.15000000000000002, 0.09999999999999999, None), (['last'], 0.0, 0.06666666666666667, None), (['total'], 0.0, 0.75, None), (['approximately'], -0.4, 0.6, None), (['responsible'], 0.2, 0.55, None)]
