polarity: 0.12955182072829136
subjectivity: 0.35259103641456574
assessments: [(['heavy'], -0.2, 0.5, None), (['acting'], 0.0, 0.0, None), (['greatly'], 0.8, 0.75, None), (['more'], 0.5, 0.5, None), (['same'], 0.0, 0.125, None), (['due'], -0.125, 0.375, None), (['mainly'], 0.16666666666666666, 0.3333333333333333, None), (['more'], 0.5, 0.5, None), (['developed'], 0.1, 0.3, None), (['far'], 0.1, 1.0, None), (['following'], 0.0, 0.1, None), (['several'], 0.0, 0.0, None), (['due'], -0.125, 0.375, None), (['such'], 0.0, 0.5, None), (['right'], 0.2857142857142857, 0.5357142857142857, None), (['wants'], 0.2, 0.1, None), (['cross'], 0.0, 0.0, None)]
