polarity: -0.0625
subjectivity: 0.23020833333333335
assessments: [(['drowned'], -0.1, 0.1, None), (['same'], 0.0, 0.125, None), (['dead'], -0.2, 0.4, None), (['trapped'], -0.2, 0.0, None), (['medical'], 0.0, 0.0, None), (['public'], 0.0, 0.06666666666666667, None), (['similar'], 0.0, 0.4, None), (['traditional'], 0.0, 0.75, None)]
