polarity: 5.046468293750712e-18
subjectivity: 0.5024891774891775
assessments: [(['such'], 0.0, 0.5, None), (['small'], -0.25, 0.4, None), (['general'], 0.05000000000000002, 0.5, None), (['sick'], -0.7142857142857143, 0.8571428571428571, None), (['kind'], 0.6, 0.9, None), (['same'], 0.0, 0.125, None), (['general'], 0.05000000000000002, 0.5, None), (['public'], 0.0, 0.06666666666666667, None), (['large'], 0.21428571428571427, 0.42857142857142855, None), (['general'], 0.05000000000000002, 0.5, None), (['total'], 0.0, 0.75, None)]
