polarity: -0.013134920634920642
subjectivity: 0.4705555555555555
assessments: [(['due'], -0.125, 0.375, None), (['recently'], 0.0, 0.25, None), (['southern'], 0.0, 0.0, None), (['necessary'], 0.0, 1.0, None), (['finally'], 0.0, 1.0, None), (['very', 'vulnerable'], -0.65, 0.65, None), (['sick'], -0.7142857142857143, 0.8571428571428571, None), (['long'], -0.05, 0.4, None), (['limited'], -0.07142857142857142, 0.14285714285714285, None), (['significant'], 0.375, 0.875, None), (['far'], 0.1, 1.0, None), (['decent'], 0.16666666666666666, 0.6666666666666666, None), (['victim'], -0.07500000000000001, 0.05, None), (['very'], 0.2, 0.3, None), (['corporate'], 0.0, 0.0, None), (['financial'], 0.0, 0.0, None), (['more'], 0.5, 0.5, None), (['randomly'], -0.5, 0.5, None), (['old'], 0.1, 0.2, None), (['miserable'], -1.0, 1.0, None), (['daily'], 0.0, 0.0, None), (['light'], 0.4, 0.7, None), (['true'], 0.35, 0.65, None), (['kind'], 0.6, 0.9, None), (['especially'], 0.0, 1.0, None), (['young'], 0.1, 0.4, None), (['smile'], 0.3, 0.1, None), (['southern'], 0.0, 0.0, None), (['african'], 0.0, 0.0, None), (['approximately'], -0.4, 0.6, None)]
