polarity: 0.0159981684981685
subjectivity: 0.41456043956043953
assessments: [(['first'], 0.25, 0.3333333333333333, None), (['left'], 0.0, 0.0, None), (['first'], 0.25, 0.3333333333333333, None), (['blue'], 0.0, 0.1, None), (['recent'], 0.0, 0.25, None), (['acting'], 0.0, 0.0, None), (['very', 'passionate'], -0.065, 1.0, None), (['deeply'], 0.0, 0.4, None), (['small'], -0.25, 0.4, None), (['potentially'], 0.0, 1.0, None), (['large'], 0.21428571428571427, 0.42857142857142855, None), (['social'], 0.03333333333333333, 0.06666666666666667, None), (['clean'], 0.3666666666666667, 0.7000000000000001, None), (['clean'], 0.3666666666666667, 0.7000000000000001, None), (['due'], -0.125, 0.375, None), (['hard'], -0.2916666666666667, 0.5416666666666666, None), (['back'], 0.0, 0.0, None), (['such'], 0.0, 0.5, None), (['long'], -0.05, 0.4, None), (['various'], 0.0, 0.5, None), (['directly'], 0.1, 0.4, None), (['worst'], -1.0, 1.0, None), (['southern'], 0.0, 0.0, None), (['active'], -0.13333333333333333, 0.6, None), (['more'], 0.5, 0.5, None), (['supporting'], 0.25, 0.25, None)]
