polarity: 0.10581601731601731
subjectivity: 0.38875288600288604
assessments: [(['worth'], 0.3, 0.1, None), (['respectively'], 0.0, 0.1, None), (['high'], 0.16, 0.5399999999999999, None), (['other'], -0.125, 0.375, None), (['foreign'], -0.125, 0.125, None), (['international'], 0.0, 0.0, None), (['medical'], 0.0, 0.0, None), (['shocked'], -0.7, 0.8, None), (['near'], 0.1, 0.4, None), (['responsible'], 0.2, 0.55, None), (['positively'], 0.22727272727272727, 0.5454545454545454, None), (['right'], 0.2857142857142857, 0.5357142857142857, None), (['great'], 0.8, 0.75, None), (['surely'], 0.5, 0.8888888888888888, None), (['high'], 0.16, 0.5399999999999999, None), (['only'], 0.0, 1.0, None), (['adequate'], 0.3333333333333333, 0.3333333333333333, None), (['basic'], 0.0, 0.125, None), (['last'], 0.0, 0.06666666666666667, None), (['left'], 0.0, 0.0, None)]
