polarity: -5.551115123125783e-18
subjectivity: 0.425
assessments: [(['heavy'], -0.2, 0.5, None), (['many'], 0.5, 0.5, None), (['least'], -0.3, 0.4, None), (['due'], -0.125, 0.375, None), (['total'], 0.0, 0.75, None), (['approximate'], -0.4, 0.6, None), (['forced'], -0.30000000000000004, 0.2, None), (['total'], 0.0, 0.75, None), (['various'], 0.0, 0.5, None), (['good'], 0.7, 0.6000000000000001, None), (['failed'], -0.5, 0.3, None), (['due'], -0.125, 0.375, None), (['most'], 0.5, 0.5, None), (['due'], -0.125, 0.375, None), (['domestic'], 0.0, 0.1, None), (['many'], 0.5, 0.5, None), (['rural'], 0.0, 0.0, None), (['due'], -0.125, 0.375, None), (['many'], 0.5, 0.5, None), (['fail'], -0.5, 0.29999999999999993, None)]
