polarity: 0.13640350877192983
subjectivity: 0.45482456140350874
assessments: [(['various'], 0.0, 0.5, None), (['ready'], 0.2, 0.5, None), (['steady'], 0.16666666666666666, 0.5, None), (['heavy'], -0.2, 0.5, None), (['such'], 0.0, 0.5, None), (['very'], 0.2, 0.3, None), (['currently'], 0.0, 0.4, None), (['more'], 0.5, 0.5, None), (['especially'], 0.0, 1.0, None), (['various'], 0.0, 0.5, None), (['general'], 0.05000000000000002, 0.5, None), (['better'], 0.5, 0.5, None), (['first'], 0.25, 0.3333333333333333, None), (['primary'], 0.4, 0.5, None), (['present'], 0.0, 0.0, None), (['first'], 0.25, 0.3333333333333333, None), (['good'], 0.7, 0.6000000000000001, None), (['secondary'], -0.3, 0.3, None), (['due'], -0.125, 0.375, None)]
