polarity: 0.15922619047619047
subjectivity: 0.4321428571428571
assessments: [(['recent'], 0.0, 0.25, None), (['primary'], 0.4, 0.5, None), (['traditional'], 0.0, 0.75, None), (['other'], -0.125, 0.375, None), (['right'], 0.2857142857142857, 0.5357142857142857, None), (['long'], -0.05, 0.4, None), (['available'], 0.4, 0.4, None), (['able'], 0.5, 0.625, None), (['traditional'], 0.0, 0.75, None), (['following'], 0.0, 0.1, None), (['most'], 0.5, 0.5, None), (['southern'], 0.0, 0.0, None)]
