polarity: 0.09848484848484848
subjectivity: 0.47121212121212125
assessments: [(['confirmed'], 0.4, 1.0, None), (['worst'], -1.0, 1.0, None), (['more'], 0.5, 0.5, None), (['more'], 0.5, 0.5, None), (['black'], -0.16666666666666666, 0.43333333333333335, None), (['expected'], -0.1, 0.4, None), (['various'], 0.0, 0.5, None), (['red'], 0.0, 0.0, None), (['cross'], 0.0, 0.0, None), (['aware'], 0.25, 0.25, None), (['good'], 0.7, 0.6000000000000001, None)]
