polarity: -0.03206521739130435
subjectivity: 0.521376811594203
assessments: [(['heavy'], -0.2, 0.5, None), (['aged'], -0.1, 0.4, None), (['aged'], -0.1, 0.4, None), (['following'], 0.0, 0.1, None), (['heavy'], -0.2, 0.5, None), (['public'], 0.0, 0.06666666666666667, None), (['confirmed'], 0.4, 1.0, None), (['normal'], 0.15, 0.6499999999999999, None), (['entire'], 0.0, 0.625, None), (['heavy'], -0.2, 0.5, None), (['usual'], -0.25, 0.25, None), (['little'], -0.1875, 0.5, None), (['slowly'], -0.30000000000000004, 0.39999999999999997, None), (['dangerously'], -0.6, 0.9, None), (['due'], -0.125, 0.375, None), (['experienced'], 0.8, 0.9, None), (['sudden'], 0.0, 0.5, None), (['aged'], -0.1, 0.4, None), (['left'], 0.0, 0.0, None), (['huge'], 0.4000000000000001, 0.9, None), (['only'], 0.0, 1.0, None), (['traditional'], 0.0, 0.75, None), (['other'], -0.125, 0.375, None)]
