polarity: -0.02751645373596592
subjectivity: 0.33210414246999614
assessments: [(['real'], 0.2, 0.30000000000000004, None), (['traditional'], 0.0, 0.75, None), (['right'], 0.2857142857142857, 0.5357142857142857, None), (['back'], 0.0, 0.0, None), (['hard'], -0.2916666666666667, 0.5416666666666666, None), (['deep'], 0.0, 0.4, None), (['traditional'], 0.0, 0.75, None), (['worse'], -0.4, 0.6, None), (['other'], -0.125, 0.375, None), (['badly'], -0.6999999999999998, 0.6666666666666666, None), (['most'], 0.5, 0.5, None), (['not', 'available'], -0.2, 0.4, None), (['own'], 0.6, 1.0, None), (['victim'], -0.07500000000000001, 0.05, None), (['old'], 0.1, 0.2, None), (['many'], 0.5, 0.5, None), (['following'], 0.0, 0.1, None), (['heavy'], -0.2, 0.5, None), (['nearly', 'killed'], -0.2, 0.0, None), (['heavy'], -0.2, 0.5, None), (['middle'], 0.0, 0.0, None), (['bad'], -0.6999999999999998, 0.6666666666666666, None), (['outside'], 0.0, 0.05, None), (['sound'], 0.4, 0.4, None), (['above'], 0.0, 0.1, None), (['heavily'], -0.2, 0.5, None), (['back'], 0.0, 0.0, None), (['half'], -0.16666666666666666, 0.16666666666666666, None), (['mixed'], 0.0, 0.25, None), (['down'], -0.15555555555555559, 0.2888888888888889, None), (['several'], 0.0, 0.0, None), (['trapped'], -0.2, 0.0, None), (['same'], 0.0, 0.125, None), (['heavy'], -0.2, 0.5, None), (['left'], 0.0, 0.0, None), (['dead'], -0.2, 0.4, None), (['more'], 0.5, 0.5, None), (['back'], 0.0, 0.0, None), (['further'], 0.0, 0.5, None), (['back'], 0.0, 0.0, None), (['further'], 0.0, 0.5, None)]
