polarity: -0.1706521739130435
subjectivity: 0.383695652173913
assessments: [(['heavy'], -0.2, 0.5, None), (['heavy'], -0.2, 0.5, None), (['central'], 0.0, 0.25, None), (['southern'], 0.0, 0.0, None), (['extensive'], 0.0, 0.3333333333333333, None), (['such'], 0.0, 0.5, None), (['left'], 0.0, 0.0, None), (['heavy'], -0.2, 0.5, None), (['potential'], 0.0, 1.0, None), (['worst'], -1.0, 1.0, None), (['old'], 0.1, 0.2, None), (['desperate'], -0.6, 1.0, None), (['victim'], -0.07500000000000001, 0.05, None), (['same'], 0.0, 0.125, None), (['public'], 0.0, 0.06666666666666667, None), (['several'], 0.0, 0.0, None), (['central'], 0.0, 0.25, None), (['worst'], -1.0, 1.0, None), (['due'], -0.125, 0.375, None), (['due'], -0.125, 0.375, None), (['low'], 0.0, 0.3, None), (['southern'], 0.0, 0.0, None), (['vulnerable'], -0.5, 0.5, None)]
