polarity: 0.07083333333333333
subjectivity: 0.35059523809523807
assessments: [(['least'], -0.3, 0.4, None), (['due'], -0.125, 0.375, None), (['recent'], 0.0, 0.25, None), (['heavy'], -0.2, 0.5, None), (['grey'], -0.05, 0.1, None), (['such'], 0.0, 0.5, None), (['main'], 0.16666666666666666, 0.3333333333333333, None), (['more'], 0.5, 0.5, None), (['proper'], 0.0, 0.1, None), (['international'], 0.0, 0.0, None), (['more'], 0.5, 0.5, None), (['more'], 0.5, 0.5, None), (['following'], 0.0, 0.1, None), (['total'], 0.0, 0.75, None)]
