polarity: 0.007118055555555547
subjectivity: 0.3378472222222222
assessments: [(['more'], 0.5, 0.5, None), (['heavy'], -0.2, 0.5, None), (['heavy'], -0.2, 0.5, None), (['strong'], 0.4333333333333333, 0.7333333333333333, None), (['southern'], 0.0, 0.0, None), (['central'], 0.0, 0.25, None), (['only'], 0.0, 1.0, None), (['southern'], 0.0, 0.0, None), (['heavy'], -0.2, 0.5, None), (['other'], -0.125, 0.375, None), (['following'], 0.0, 0.1, None), (['heavy'], -0.2, 0.5, None), (['strong'], 0.4333333333333333, 0.7333333333333333, None), (['central'], 0.0, 0.25, None), (['southern'], 0.0, 0.0, None), (['last'], 0.0, 0.06666666666666667, None), (['southern'], 0.0, 0.0, None), (['active'], -0.13333333333333333, 0.6, None), (['central'], 0.0, 0.25, None), (['heavy'], -0.2, 0.5, None), (['southern'], 0.0, 0.0, None), (['central'], 0.0, 0.25, None), (['major'], 0.0625, 0.5, None), (['southern'], 0.0, 0.0, None)]
