polarity: -0.025724637681159422
subjectivity: 0.44601449275362326
assessments: [(['more'], 0.5, 0.5, None), (['heavy'], -0.2, 0.5, None), (['currently'], 0.0, 0.4, None), (['likely'], 0.0, 1.0, None), (['southern'], 0.0, 0.0, None), (['likely'], 0.0, 1.0, None), (['locally', 'heavy'], -0.2, 0.5, None), (['due'], -0.125, 0.375, None), (['expected'], -0.1, 0.4, None), (['heavy'], -0.2, 0.5, None), (['particularly'], 0.16666666666666666, 0.3333333333333333, None), (['heavily'], -0.2, 0.5, None), (['due'], -0.125, 0.375, None), (['poor'], -0.4, 0.6, None), (['other'], -0.125, 0.375, None), (['natural'], 0.1, 0.4, None), (['public'], 0.0, 0.06666666666666667, None), (['open'], 0.0, 0.5, None), (['other'], -0.125, 0.375, None), (['other'], -0.125, 0.375, None), (['responsible'], 0.2, 0.55, None), (['real'], 0.2, 0.30000000000000004, None), (['main'], 0.16666666666666666, 0.3333333333333333, None)]
