polarity: 0.14022988505747128
subjectivity: 0.4112068965517241
assessments: [(['social'], 0.03333333333333333, 0.06666666666666667, None), (['heavy'], -0.2, 0.5, None), (['primary'], 0.4, 0.5, None), (['traditional'], 0.0, 0.75, None), (['left'], 0.0, 0.0, None), (['dead'], -0.2, 0.4, None), (['responsible'], 0.2, 0.55, None), (['social'], 0.03333333333333333, 0.06666666666666667, None), (['decent'], 0.16666666666666666, 0.6666666666666666, None), (['aware'], 0.25, 0.25, None), (['heavily'], -0.2, 0.5, None), (['decent'], 0.16666666666666666, 0.6666666666666666, None), (['social'], 0.03333333333333333, 0.06666666666666667, None), (['daily'], 0.0, 0.0, None), (['urban'], 0.0, 0.0, None), (['not', 'only'], -0.0, 1.0, None), (['social'], 0.03333333333333333, 0.06666666666666667, None), (['most'], 0.5, 0.5, None), (['best'], 1.0, 0.3, None), (['necessary'], 0.0, 1.0, None), (['traditional'], 0.0, 0.75, None), (['such'], 0.0, 0.5, None), (['other'], -0.125, 0.375, None), (['busy'], 0.1, 0.3, None), (['joy'], 0.8, 0.2, None), (['happiness'], 0.7, 0.2, None), (['usual'], -0.25, 0.25, None), (['especially'], 0.0, 1.0, None), (['more', '!'], 0.625, 0.5, None)]
