polarity: 0.09654471544715448
subjectivity: 0.316869918699187
assessments: [(['red'], 0.0, 0.0, None), (['cross'], 0.0, 0.0, None), (['red'], 0.0, 0.0, None), (['cross'], 0.0, 0.0, None), (['following'], 0.0, 0.1, None), (['heavy'], -0.2, 0.5, None), (['heavy'], -0.2, 0.5, None), (['red'], 0.0, 0.0, None), (['cross'], 0.0, 0.0, None), (['red'], 0.0, 0.0, None), (['cross'], 0.0, 0.0, None), (['vast'], 0.0, 1.0, None), (['previous'], -0.16666666666666666, 0.16666666666666666, None), (['previous'], -0.16666666666666666, 0.16666666666666666, None), (['red'], 0.0, 0.0, None), (['cross'], 0.0, 0.0, None), (['directly'], 0.1, 0.4, None), (['red'], 0.0, 0.0, None), (['cross'], 0.0, 0.0, None), (['confident'], 0.5, 0.8333333333333334, None), (['good'], 0.7, 0.6000000000000001, None), (['recent'], 0.0, 0.25, None), (['past'], -0.25, 0.25, None), (['similar'], 0.0, 0.4, None), (['heartfelt'], 0.0, 1.0, None), (['loved'], 0.7, 0.8, None), (['recent'], 0.0, 0.25, None), (['quick'], 0.3333333333333333, 0.5, None), (['quick'], 0.3333333333333333, 0.5, None), (['greatly'], 0.8, 0.75, None), (['red'], 0.0, 0.0, None), (['cross'], 0.0, 0.0, None), (['red'], 0.0, 0.0, None), (['cross'], 0.0, 0.0, None), (['kind'], 0.6, 0.9, None), (['long'], -0.05, 0.4, None), (['great'], 0.8, 0.75, None), (['different'], 0.0, 0.6, None), (['other'], -0.125, 0.375, None), (['more'], 0.5, 0.5, None), (['heavy', '!'], -0.25, 0.5, None)]
