polarity: 0.05303030303030303
subjectivity: 0.3274621212121212
assessments: [(['african'], 0.0, 0.0, None), (['due'], -0.125, 0.375, None), (['recent'], 0.0, 0.25, None), (['missing'], -0.2, 0.05, None), (['other'], -0.125, 0.375, None), (['basic'], 0.0, 0.125, None), (['new'], 0.13636363636363635, 0.45454545454545453, None), (['interested'], 0.25, 0.5, None), (['back'], 0.0, 0.0, None), (['whole'], 0.2, 0.4, None), (['only'], 0.0, 1.0, None), (['available', '!'], 0.5, 0.4, None)]
