polarity: 0.13224137931034483
subjectivity: 0.3627011494252875
assessments: [(['left'], 0.0, 0.0, None), (['many'], 0.5, 0.5, None), (['black'], -0.16666666666666666, 0.43333333333333335, None), (['black'], -0.16666666666666666, 0.43333333333333335, None), (['following'], 0.0, 0.1, None), (['heavy'], -0.2, 0.5, None), (['more'], 0.5, 0.5, None), (['black'], -0.16666666666666666, 0.43333333333333335, None), (['various'], 0.0, 0.5, None), (['red'], 0.0, 0.0, None), (['cross'], 0.0, 0.0, None), (['aware'], 0.25, 0.25, None), (['such'], 0.0, 0.5, None), (['other'], -0.125, 0.375, None), (['worst'], -1.0, 1.0, None), (['more'], 0.5, 0.5, None), (['more'], 0.5, 0.5, None), (['happy'], 0.8, 1.0, None), (['noble'], 0.6, 0.9, None), (['individual'], 0.0, 0.4, None), (['first'], 0.25, 0.3333333333333333, None), (['several'], 0.0, 0.0, None), (['best'], 1.0, 0.3, None), (['usual'], -0.25, 0.25, None), (['very', 'much'], 0.26, 0.26, None), (['usual'], -0.25, 0.25, None), (['best'], 1.0, 0.3, None), (['red'], 0.0, 0.0, None), (['cross', '!'], 0.0, 0.0, None)]
