polarity: 0.038941102756892235
subjectivity: 0.5087092731829573
assessments: [(['confirmed'], 0.4, 1.0, None), (['other'], -0.125, 0.375, None), (['approximately'], -0.4, 0.6, None), (['most'], 0.5, 0.5, None), (['far'], 0.1, 1.0, None), (['total'], 0.0, 0.75, None), (['due'], -0.125, 0.375, None), (['heavy'], -0.2, 0.5, None), (['many'], 0.5, 0.5, None), (['becoming'], 0.45, 0.8500000000000001, None), (['most'], 0.5, 0.5, None), (['various'], 0.0, 0.5, None), (['social'], 0.03333333333333333, 0.06666666666666667, None), (['sick'], -0.7142857142857143, 0.8571428571428571, None), (['hard'], -0.2916666666666667, 0.5416666666666666, None), (['medical'], 0.0, 0.0, None), (['earlier'], 0.0, 0.5, None), (['trapped'], -0.2, 0.0, None), (['supporting', '!'], 0.3125, 0.25, None)]
