polarity: 0.12696158008658007
subjectivity: 0.3997519841269841
assessments: [(['happy'], 0.8, 1.0, None), (['worth'], 0.3, 0.1, None), (['total'], 0.0, 0.75, None), (['primary'], 0.4, 0.5, None), (['basic'], 0.0, 0.125, None), (['third'], 0.0, 0.0, None), (['second'], 0.0, 0.0, None), (['first'], 0.25, 0.3333333333333333, None), (['not', 'only'], -0.0, 1.0, None), (['same'], 0.0, 0.125, None), (['outside'], 0.0, 0.05, None), (['such'], 0.0, 0.5, None), (['other'], -0.125, 0.375, None), (['joy'], 0.8, 0.2, None), (['suddenly'], 0.0, 0.5, None), (['least'], -0.3, 0.4, None), (['starting'], 0.0, 0.1, None), (['right'], 0.2857142857142857, 0.5357142857142857, None), (['further'], 0.0, 0.5, None), (['such'], 0.0, 0.5, None), (['more'], 0.5, 0.5, None), (['such'], 0.0, 0.5, None), (['live'], 0.13636363636363635, 0.5, None), (['such', '!'], 0.0, 0.5, None)]
