polarity: -0.08611111111111111
subjectivity: 0.2694444444444445
assessments: [(['negatively'], -0.3, 0.4, None), (['more'], 0.5, 0.5, None), (['loses'], -0.3, 0.1, None), (['future'], 0.0, 0.125, None), (['loses'], -0.3, 0.1, None), (['present'], 0.0, 0.0, None), (['especially'], 0.0, 1.0, None), (['southern'], 0.0, 0.0, None), (['forced', '!'], -0.37500000000000006, 0.2, None)]
