polarity: -0.24250000000000002
subjectivity: 0.4225
assessments: [(['heavy'], -0.2, 0.5, None), (['near'], 0.1, 0.4, None), (['other'], -0.125, 0.375, None), (['disappointed'], -0.75, 0.75, None), (['slow'], -0.30000000000000004, 0.39999999999999997, None), (['disappointed'], -0.75, 0.75, None), (['slow'], -0.30000000000000004, 0.39999999999999997, None), (['busy'], 0.1, 0.3, None), (['apparently'], 0.05, 0.35, None), (['killed', '!'], -0.25, 0.0, None)]
