polarity: -0.009943977591036409
subjectivity: 0.34138655462184875
assessments: [(['international'], 0.0, 0.0, None), (['recent'], 0.0, 0.25, None), (['clean'], 0.3666666666666667, 0.7000000000000001, None), (['large'], 0.21428571428571427, 0.42857142857142855, None), (['red'], 0.0, 0.0, None), (['cross'], 0.0, 0.0, None), (['most'], 0.5, 0.5, None), (['recent'], 0.0, 0.25, None), (['shocking'], -1.0, 1.0, None), (['southern'], 0.0, 0.0, None), (['absolutely'], 0.2, 0.9, None), (['supporting'], 0.25, 0.25, None), (['due'], -0.125, 0.375, None), (['heavy'], -0.2, 0.5, None), (['southern'], 0.0, 0.0, None), (['central'], 0.0, 0.25, None), (['least', '!'], -0.375, 0.4, None)]
