polarity: 0.05711868686868688
subjectivity: 0.4901919191919192
assessments: [(['new'], 0.13636363636363635, 0.45454545454545453, None), (['more'], 0.5, 0.5, None), (['fresh'], 0.3, 0.5, None), (['more'], 0.5, 0.5, None), (['heavy'], -0.2, 0.5, None), (['expected'], -0.1, 0.4, None), (['heavy'], -0.2, 0.5, None), (['due'], -0.125, 0.375, None), (['high'], 0.16, 0.5399999999999999, None), (['available'], 0.4, 0.4, None), (['likely'], 0.0, 1.0, None), (['particularly'], 0.16666666666666666, 0.3333333333333333, None), (['due'], -0.125, 0.375, None), (['poor'], -0.4, 0.6, None), (['other', '!'], -0.15625, 0.375, None)]
