polarity: 0.09857142857142857
subjectivity: 0.41809523809523813
assessments: [(['medical'], 0.0, 0.0, None), (['old'], 0.1, 0.2, None), (['medical'], 0.0, 0.0, None), (['natural'], 0.1, 0.4, None), (['heavy'], -0.2, 0.5, None), (['southern'], 0.0, 0.0, None), (['high'], 0.16, 0.5399999999999999, None), (['quickly'], 0.3333333333333333, 0.5, None), (['medical'], 0.0, 0.0, None), (['following'], 0.0, 0.1, None), (['southern'], 0.0, 0.0, None), (['worse'], -0.4, 0.6, None), (['following'], 0.0, 0.1, None), (['heavy'], -0.2, 0.5, None), (['good'], 0.7, 0.6000000000000001, None), (['enjoy'], 0.4, 0.5, None), (['great'], 0.8, 0.75, None), (['tragic'], -0.75, 0.75, None), (['difficult'], -0.5, 1.0, None), (['greatly'], 0.8, 0.75, None), (['quick'], 0.3333333333333333, 0.5, None), (['long'], -0.05, 0.4, None), (['more'], 0.5, 0.5, None), (['clear'], 0.10000000000000002, 0.3833333333333333, None), (['strong'], 0.4333333333333333, 0.7333333333333333, None), (['common'], -0.3, 0.5, None), (['relevant'], 0.4, 0.9, None), (['medical', '!'], 0.0, 0.0, None)]
