polarity: 0.1402721088435374
subjectivity: 0.40082766439909306
assessments: [(['worth'], 0.3, 0.1, None), (['possibly'], 0.0, 1.0, None), (['high'], 0.16, 0.5399999999999999, None), (['really'], 0.2, 0.2, None), (['future'], 0.0, 0.125, None), (['not', 'last'], -0.0, 0.06666666666666667, None), (['next'], 0.0, 0.0, None), (['few'], -0.2, 0.1, None), (['right'], 0.2857142857142857, 0.5357142857142857, None), (['few'], -0.2, 0.1, None), (['own'], 0.6, 1.0, None), (['responsible'], 0.2, 0.55, None), (['huge'], 0.4000000000000001, 0.9, None), (['respective'], 0.0, 0.1, None), (['much'], 0.2, 0.2, None), (['back'], 0.0, 0.0, None), (['very', 'sure'], 0.65, 1.0, None), (['own'], 0.6, 1.0, None), (['current'], 0.0, 0.4, None), (['following'], 0.0, 0.1, None), (['dead', '!'], -0.25, 0.4, None)]
