polarity: 0.14017518939393936
subjectivity: 0.4266808712121211
assessments: [(['charitable'], 0.6, 0.8, None), (['positive'], 0.22727272727272727, 0.5454545454545454, None), (['worth'], 0.3, 0.1, None), (['recent'], 0.0, 0.25, None), (['mainly'], 0.16666666666666666, 0.3333333333333333, None), (['southern'], 0.0, 0.0, None), (['cross'], 0.0, 0.0, None), (['noble'], 0.6, 0.9, None), (['other'], -0.125, 0.375, None), (['worth'], 0.3, 0.1, None), (['currently'], 0.0, 0.4, None), (['multiple'], 0.0, 0.0, None), (['deeply'], 0.0, 0.4, None), (['best'], 1.0, 0.3, None), (['huge'], 0.4000000000000001, 0.9, None), (['charitable'], 0.6, 0.8, None), (['many'], 0.5, 0.5, None), (['greatly'], 0.8, 0.75, None), (['striking'], 0.5, 1.0, None), (['extremely', 'inhumane'], -0.9, 0.9, None), (['bare'], 0.05, 0.1, None), (['poor'], -0.4, 0.6, None), (['clean'], 0.3666666666666667, 0.7000000000000001, None), (['mostly'], 0.5, 0.5, None), (['human'], 0.0, 0.1, None), (['human'], 0.0, 0.1, None), (['human'], 0.0, 0.1, None), (['equally'], 0.0, 0.25, None), (['worst'], -1.0, 1.0, None), (['political'], 0.0, 0.1, None), (['religious'], 0.0, 0.25, None), (['such', '!'], 0.0, 0.5, None)]
