polarity: -0.008347016967706627
subjectivity: 0.3843732895457034
assessments: [(['unnecessary'], -0.4, 0.9, None), (['unnecessary'], -0.4, 0.9, None), (['recently'], 0.0, 0.25, None), (['various'], 0.0, 0.5, None), (['other'], -0.125, 0.375, None), (['adamant'], 0.1, 0.7, None), (['becoming'], 0.45, 0.8500000000000001, None), (['big'], 0.0, 0.1, None), (['same'], 0.0, 0.125, None), (['top'], 0.5, 0.5, None), (['right'], 0.2857142857142857, 0.5357142857142857, None), (['down'], -0.15555555555555559, 0.2888888888888889, None), (['traditional'], 0.0, 0.75, None), (['religious'], 0.0, 0.25, None), (['public'], 0.0, 0.06666666666666667, None), (['asian'], 0.0, 0.0, None), (['ready'], 0.2, 0.5, None), (['technical'], 0.0, 0.1, None), (['vibrant'], 0.16666666666666666, 0.3333333333333333, None), (['human'], 0.0, 0.1, None), (['base'], -0.8, 1.0, None), (['action'], 0.1, 0.1, None), (['following'], 0.0, 0.1, None), (['left'], 0.0, 0.0, None), (['least'], -0.3, 0.4, None), (['top'], 0.5, 0.5, None), (['down'], -0.15555555555555559, 0.2888888888888889, None), (['short'], 0.0, 0.3, None), (['subject', '!'], -0.20833333333333331, 0.3333333333333333, None)]
