polarity: 0.03813131313131313
subjectivity: 0.4330808080808081
assessments: [(['hot'], 0.25, 0.8500000000000001, None), (['primary'], 0.4, 0.5, None), (['hot'], 0.25, 0.8500000000000001, None), (['heavy'], -0.2, 0.5, None), (['down'], -0.15555555555555559, 0.2888888888888889, None), (['southern'], 0.0, 0.0, None), (['several'], 0.0, 0.0, None), (['other'], -0.125, 0.375, None), (['heavy'], -0.2, 0.5, None), (['least'], -0.3, 0.4, None), (['primary', '!'], 0.5, 0.5, None)]
