polarity: 0.0885035079862666
subjectivity: 0.42555829228243025
assessments: [(['clean'], 0.3666666666666667, 0.7000000000000001, None), (['safe'], 0.5, 0.5, None), (['several'], 0.0, 0.0, None), (['primary'], 0.4, 0.5, None), (['relatively', 'safe'], 0.5, 0.5, None), (['limited'], -0.07142857142857142, 0.14285714285714285, None), (['poor'], -0.4, 0.6, None), (['many'], 0.5, 0.5, None), (['due'], -0.125, 0.375, None), (['first'], 0.25, 0.3333333333333333, None), (['shocked'], -0.7, 0.8, None), (['far'], 0.1, 1.0, None), (['other'], -0.125, 0.375, None), (['safe'], 0.5, 0.5, None), (['more'], 0.5, 0.5, None), (['many'], 0.5, 0.5, None), (['live'], 0.13636363636363635, 0.5, None), (['further'], 0.0, 0.5, None), (['heavy'], -0.2, 0.5, None), (['dangerously', 'high'], 0.16, 0.5399999999999999, None), (['closed'], -0.1, 0.1, None), (['local'], 0.0, 0.0, None), (['currently'], 0.0, 0.4, None), (['essential'], 0.0, 0.3, None), (['key'], 0.0, 1.0, None), (['other'], -0.125, 0.375, None), (['red'], 0.0, 0.0, None), (['cross'], 0.0, 0.0, None), (['essential', '!'], 0.0, 0.3, None)]
