polarity: 0.0772070707070707
subjectivity: 0.40551178451178455
assessments: [(['medical'], 0.0, 0.0, None), (['responsible'], 0.2, 0.55, None), (['near'], 0.1, 0.4, None), (['positively'], 0.22727272727272727, 0.5454545454545454, None), (['surely'], 0.5, 0.8888888888888888, None), (['high'], 0.16, 0.5399999999999999, None), (['only'], 0.0, 1.0, None), (['adequate'], 0.3333333333333333, 0.3333333333333333, None), (['basic'], 0.0, 0.125, None), (['other'], -0.125, 0.375, None), (['foreign'], -0.125, 0.125, None), (['long'], -0.05, 0.4, None), (['current'], 0.0, 0.4, None), (['next'], 0.0, 0.0, None), (['long', '!'], -0.0625, 0.4, None)]
