polarity: 0.05714285714285714
subjectivity: 0.2779761904761905
assessments: [(['pleased'], 0.5, 1.0, None), (['catholic'], 0.0, 0.1, None), (['spiritual'], 0.0, 0.13333333333333333, None), (['very'], 0.2, 0.3, None), (['equally'], 0.0, 0.25, None), (['spiritual'], 0.0, 0.13333333333333333, None), (['catholic'], 0.0, 0.1, None), (['several'], 0.0, 0.0, None), (['other'], -0.125, 0.375, None), (['local'], 0.0, 0.0, None), (['international'], 0.0, 0.0, None), (['far'], 0.1, 1.0, None), (['following'], 0.0, 0.1, None), (['nearly', '!'], 0.125, 0.4, None)]
