polarity: 0.11143250688705232
subjectivity: 0.4460743801652893
assessments: [(['worth'], 0.3, 0.1, None), (['due'], -0.125, 0.375, None), (['devastating'], -1.0, 1.0, None), (['southern'], 0.0, 0.0, None), (['heavy'], -0.2, 0.5, None), (['more'], 0.5, 0.5, None), (['public'], 0.0, 0.06666666666666667, None), (['southern'], 0.0, 0.0, None), (['general'], 0.05000000000000002, 0.5, None), (['own'], 0.6, 1.0, None), (['general'], 0.05000000000000002, 0.5, None), (['further'], 0.0, 0.5, None), (['only'], 0.0, 1.0, None), (['natural'], 0.1, 0.4, None), (['good'], 0.7, 0.6000000000000001, None), (['back'], 0.0, 0.0, None), (['normal'], 0.15, 0.6499999999999999, None), (['important'], 0.4, 1.0, None), (['same'], 0.0, 0.125, None), (['total'], 0.0, 0.75, None), (['positive'], 0.22727272727272727, 0.5454545454545454, None), (['currently'], 0.0, 0.4, None), (['red'], 0.0, 0.0, None), (['cross'], 0.0, 0.0, None), (['sincere'], 0.5, 0.5, None), (['many'], 0.5, 0.5, None), (['different'], 0.0, 0.6, None), (['sincerely'], 0.5, 0.5, None), (['same'], 0.0, 0.125, None), (['worth'], 0.3, 0.1, None), (['total'], 0.0, 0.75, None), (['total'], 0.0, 0.75, None), (['clear', '!'], 0.12500000000000003, 0.3833333333333333, None)]
