polarity: 0.1009504132231405
subjectivity: 0.36897612488521586
assessments: [(['warm'], 0.6, 0.6, None), (['natural'], 0.1, 0.4, None), (['currently'], 0.0, 0.4, None), (['acting'], 0.0, 0.0, None), (['high'], 0.16, 0.5399999999999999, None), (['objective'], 0.0, 0.1, None), (['previously'], -0.16666666666666666, 0.16666666666666666, None), (['particular'], 0.16666666666666666, 0.3333333333333333, None), (['action'], 0.1, 0.1, None), (['religious'], 0.0, 0.25, None), (['ordinary'], -0.25, 0.5, None), (['acting'], 0.0, 0.0, None), (['high'], 0.16, 0.5399999999999999, None), (['general'], 0.05000000000000002, 0.5, None), (['late'], -0.3, 0.6, None), (['general'], 0.05000000000000002, 0.5, None), (['last'], 0.0, 0.06666666666666667, None), (['successful'], 0.75, 0.95, None), (['previous'], -0.16666666666666666, 0.16666666666666666, None), (['main'], 0.16666666666666666, 0.3333333333333333, None), (['charismatic'], 0.5, 1.0, None), (['effective'], 0.6, 0.8, None), (['new'], 0.13636363636363635, 0.45454545454545453, None), (['current'], 0.0, 0.4, None), (['currently'], 0.0, 0.4, None), (['due'], -0.125, 0.375, None), (['following'], 0.0, 0.1, None), (['independent'], 0.0, 0.125, None), (['medical'], 0.0, 0.0, None), (['other'], -0.125, 0.375, None), (['vital'], 0.1, 0.4, None), (['much'], 0.2, 0.2, None), (['many', '!'], 0.625, 0.5, None)]
