polarity: -0.04365981240981241
subjectivity: 0.30360750360750355
assessments: [(['left'], 0.0, 0.0, None), (['past'], -0.25, 0.25, None), (['heavy'], -0.2, 0.5, None), (['back'], 0.0, 0.0, None), (['new'], 0.13636363636363635, 0.45454545454545453, None), (['killed'], -0.2, 0.0, None), (['other'], -0.125, 0.375, None), (['basic'], 0.0, 0.125, None), (['new'], 0.13636363636363635, 0.45454545454545453, None), (['interested'], 0.25, 0.5, None), (['back'], 0.0, 0.0, None), (['whole'], 0.2, 0.4, None), (['only'], 0.0, 1.0, None), (['barely'], 0.05, 0.1, None), (['proper'], 0.0, 0.1, None), (['serious'], -0.3333333333333333, 0.6666666666666666, None), (['enough'], 0.0, 0.5, None), (['complained'], -0.3, 0.2, None), (['next'], 0.0, 0.0, None), (['other'], -0.125, 0.375, None), (['other', '!'], -0.15625, 0.375, None)]
