polarity: 0.2306327160493827
subjectivity: 0.5780864197530865
assessments: [(['enjoying'], 0.5, 0.6, None), (['black'], -0.16666666666666666, 0.43333333333333335, None), (['black'], -0.16666666666666666, 0.43333333333333335, None), (['great'], 0.8, 0.75, None), (['unexpected'], 0.1, 1.0, None), (['huge'], 0.4000000000000001, 0.9, None), (['less'], -0.16666666666666666, 0.06666666666666667, None), (['glad'], 0.5, 1.0, None), (['more'], 0.5, 0.5, None), (['quick'], 0.3333333333333333, 0.5, None), (['black'], -0.16666666666666666, 0.43333333333333335, None), (['actual'], 0.0, 0.1, None), (['happy'], 0.8, 1.0, None), (['noble'], 0.6, 0.9, None), (['very', 'happy'], 1.0, 1.0, None), (['supporting'], 0.25, 0.25, None), (['noble'], 0.6, 0.9, None), (['round'], -0.2, 0.4, None), (['different'], 0.0, 0.6, None), (['current'], 0.0, 0.4, None), (['glad'], 0.5, 1.0, None), (['cross'], 0.0, 0.0, None), (['black'], -0.16666666666666666, 0.43333333333333335, None), (['good'], 0.7, 0.6000000000000001, None), (['black'], -0.16666666666666666, 0.43333333333333335, None), (['different'], 0.0, 0.6, None), (['other', '!'], -0.15625, 0.375, None)]
