polarity: -0.04891975308641974
subjectivity: 0.40910493827160493
assessments: [(['heavy'], -0.2, 0.5, None), (['due'], -0.125, 0.375, None), (['human'], 0.0, 0.1, None), (['illegal'], -0.5, 0.5, None), (['sad'], -0.5, 1.0, None), (['such'], 0.0, 0.5, None), (['such'], 0.0, 0.5, None), (['such'], 0.0, 0.5, None), (['near'], 0.1, 0.4, None), (['future'], 0.0, 0.125, None), (['natural'], 0.1, 0.4, None), (['such'], 0.0, 0.5, None), (['down'], -0.15555555555555559, 0.2888888888888889, None), (['such'], 0.0, 0.5, None), (['near'], 0.1, 0.4, None), (['able'], 0.5, 0.625, None), (['missing'], -0.2, 0.05, None), (['following', '!'], 0.0, 0.1, None)]
