polarity: 0.07066052227342551
subjectivity: 0.2809907834101383
assessments: [(['worth'], 0.3, 0.1, None), (['various'], 0.0, 0.5, None), (['religious'], 0.0, 0.25, None), (['multiple'], 0.0, 0.0, None), (['responsible'], 0.2, 0.55, None), (['due'], -0.125, 0.375, None), (['first'], 0.25, 0.3333333333333333, None), (['next'], 0.0, 0.0, None), (['few'], -0.2, 0.1, None), (['other'], -0.125, 0.375, None), (['heavily'], -0.2, 0.5, None), (['early'], 0.1, 0.3, None), (['actively'], -0.13333333333333333, 0.6, None), (['economic'], 0.2, 0.2, None), (['medical'], 0.0, 0.0, None), (['social'], 0.03333333333333333, 0.06666666666666667, None), (['personally'], 0.0, 0.3, None), (['success'], 0.3, 0.0, None), (['first'], 0.25, 0.3333333333333333, None), (['multiple'], 0.0, 0.0, None), (['medical'], 0.0, 0.0, None), (['social'], 0.03333333333333333, 0.06666666666666667, None), (['vital'], 0.1, 0.4, None), (['medical'], 0.0, 0.0, None), (['better'], 0.5, 0.5, None), (['sincere'], 0.5, 0.5, None), (['thanks'], 0.2, 0.2, None), (['entire'], 0.0, 0.625, None), (['individual'], 0.0, 0.4, None), (['not', 'good'], -0.35, 0.6000000000000001, None), (['right', '!'], 0.3571428571428571, 0.5357142857142857, None)]
