polarity: 0.018849206349206355
subjectivity: 0.3956349206349207
assessments: [(['asian'], 0.0, 0.0, None), (['local'], 0.0, 0.0, None), (['asian'], 0.0, 0.0, None), (['devastating'], -1.0, 1.0, None), (['past'], -0.25, 0.25, None), (['many'], 0.5, 0.5, None), (['various'], 0.0, 0.5, None), (['different'], 0.0, 0.6, None), (['worth'], 0.3, 0.1, None), (['heavy'], -0.2, 0.5, None), (['black'], -0.16666666666666666, 0.43333333333333335, None), (['victim'], -0.07500000000000001, 0.05, None), (['further'], 0.0, 0.5, None), (['further'], 0.0, 0.5, None), (['heavy'], -0.2, 0.5, None), (['many'], 0.5, 0.5, None), (['heavy'], -0.2, 0.5, None), (['other'], -0.125, 0.375, None), (['currently', 'appealing'], 0.5, 0.5, None), (['more'], 0.5, 0.5, None), (['interested', '!'], 0.3125, 0.5, None)]
