polarity: 0.09265432098765436
subjectivity: 0.4526131687242798
assessments: [(['recent'], 0.0, 0.25, None), (['recent'], 0.0, 0.25, None), (['human'], 0.0, 0.1, None), (['recent'], 0.0, 0.25, None), (['other'], -0.125, 0.375, None), (['good'], 0.7, 0.6000000000000001, None), (['recently', 'experienced'], 0.8, 0.9, None), (['most'], 0.5, 0.5, None), (['highly'], 0.16, 0.5399999999999999, None), (['own'], 0.6, 1.0, None), (['more'], 0.5, 0.5, None), (['complicated'], -0.5, 1.0, None), (['poor'], -0.4, 0.6, None), (['less'], -0.16666666666666666, 0.06666666666666667, None), (['better'], 0.5, 0.5, None), (['due'], -0.125, 0.375, None), (['poor'], -0.4, 0.6, None), (['failure'], -0.3166666666666667, 0.3, None), (['proper'], 0.0, 0.1, None), (['other'], -0.125, 0.375, None), (['sure'], 0.5, 0.8888888888888888, None), (['good'], 0.7, 0.6000000000000001, None), (['various'], 0.0, 0.5, None), (['local'], 0.0, 0.0, None), (['poor'], -0.4, 0.6, None), (['old'], 0.1, 0.2, None), (['recent', '!'], 0.0, 0.25, None)]
