polarity: -0.08492063492063491
subjectivity: 0.32671957671957663
assessments: [(['down'], -0.15555555555555559, 0.2888888888888889, None), (['tough'], -0.3888888888888889, 0.8333333333333334, None), (['action'], 0.1, 0.1, None), (['currently'], 0.0, 0.4, None), (['aware'], 0.25, 0.25, None), (['busy'], 0.1, 0.3, None), (['action'], 0.1, 0.1, None), (['busy'], 0.1, 0.3, None), (['bad'], -0.6999999999999998, 0.6666666666666666, None), (['down'], -0.15555555555555559, 0.2888888888888889, None), (['jail'], -0.1, 0.0, None), (['seriously'], -0.3333333333333333, 0.6666666666666666, None), (['other'], -0.125, 0.375, None), (['other'], -0.125, 0.375, None), (['political'], 0.0, 0.1, None), (['heavy'], -0.2, 0.5, None), (['left'], 0.0, 0.0, None), (['female'], 0.0, 0.16666666666666666, None), (['male'], 0.0, 0.1, None), (['far'], 0.1, 1.0, None), (['missing', '!'], -0.25, 0.05, None)]
