polarity: -0.05372474747474747
subjectivity: 0.3393781565656566
assessments: [(['least'], -0.3, 0.4, None), (['following'], 0.0, 0.1, None), (['heavy'], -0.2, 0.5, None), (['least'], -0.3, 0.4, None), (['other'], -0.125, 0.375, None), (['least'], -0.3, 0.4, None), (['forced'], -0.30000000000000004, 0.2, None), (['old'], 0.1, 0.2, None), (['other'], -0.125, 0.375, None), (['few'], -0.2, 0.1, None), (['behind'], -0.4, 0.7, None), (['last'], 0.0, 0.06666666666666667, None), (['victim'], -0.07500000000000001, 0.05, None), (['opposite'], 0.0, 0.0, None), (['massive'], 0.0, 1.0, None), (['immense'], 0.0, 1.0, None), (['several'], 0.0, 0.0, None), (['near'], 0.1, 0.4, None), (['newly'], 0.13636363636363635, 0.45454545454545453, None), (['developed'], 0.1, 0.3, None), (['old'], 0.1, 0.2, None), (['opposite'], 0.0, 0.0, None), (['secondary'], -0.3, 0.3, None), (['such'], 0.0, 0.5, None), (['down'], -0.15555555555555559, 0.2888888888888889, None), (['big'], 0.0, 0.1, None), (['freely'], 0.4, 0.8, None), (['small'], -0.25, 0.4, None), (['back'], 0.0, 0.0, None), (['such'], 0.0, 0.5, None), (['past'], -0.25, 0.25, None), (['mostly', '!'], 0.625, 0.5, None)]
