polarity: -0.05068542568542568
subjectivity: 0.39982220160791593
assessments: [(['due'], -0.125, 0.375, None), (['especially'], 0.0, 1.0, None), (['southern'], 0.0, 0.0, None), (['last'], 0.0, 0.06666666666666667, None), (['human'], 0.0, 0.1, None), (['heartfelt'], 0.0, 1.0, None), (['heavy'], -0.2, 0.5, None), (['left'], 0.0, 0.0, None), (['many'], 0.5, 0.5, None), (['simple'], 0.0, 0.35714285714285715, None), (['loved'], 0.7, 0.8, None), (['terrible'], -1.0, 1.0, None), (['unfortunate'], -0.5, 1.0, None), (['such'], 0.0, 0.5, None), (['disastrous'], -0.7, 0.8, None), (['tough'], -0.3888888888888889, 0.8333333333333334, None), (['last'], 0.0, 0.06666666666666667, None), (['first'], 0.25, 0.3333333333333333, None), (['back'], 0.0, 0.0, None), (['above'], 0.0, 0.1, None), (['corporate'], 0.0, 0.0, None), (['social'], 0.03333333333333333, 0.06666666666666667, None), (['new'], 0.13636363636363635, 0.45454545454545453, None), (['various'], 0.0, 0.5, None), (['public'], 0.0, 0.06666666666666667, None), (['other'], -0.125, 0.375, None), (['corporate'], 0.0, 0.0, None), (['individual', '!'], 0.0, 0.4, None)]
