polarity: 0.20892857142857144
subjectivity: 0.45238095238095244
assessments: [(['traditional'], 0.0, 0.75, None), (['due'], -0.125, 0.375, None), (['heavy'], -0.2, 0.5, None), (['first'], 0.25, 0.3333333333333333, None), (['such'], 0.0, 0.5, None), (['love'], 0.5, 0.6, None), (['love'], 0.5, 0.6, None), (['not', 'above'], -0.0, 0.1, None), (['love'], 0.5, 0.6, None), (['win'], 0.8, 0.4, None), (['many'], 0.5, 0.5, None), (['very'], 0.2, 0.3, None), (['other'], -0.125, 0.375, None), (['natural', '!'], 0.125, 0.4, None)]
