polarity: -0.0605513468013468
subjectivity: 0.44627946127946116
assessments: [(['shoddy'], -0.3, 0.5, None), (['public'], 0.0, 0.06666666666666667, None), (['heavy'], -0.2, 0.5, None), (['new'], 0.13636363636363635, 0.45454545454545453, None), (['very', 'far'], 0.13, 1.0, None), (['shoddy'], -0.3, 0.5, None), (['poor'], -0.4, 0.6, None), (['seriously'], -0.3333333333333333, 0.6666666666666666, None), (['numerous'], 0.0, 0.5, None), (['other'], -0.125, 0.375, None), (['future'], 0.0, 0.125, None), (['heavy'], -0.2, 0.5, None), (['such'], 0.0, 0.5, None), (['least'], -0.3, 0.4, None), (['missing'], -0.2, 0.05, None), (['only'], 0.0, 1.0, None), (['few'], -0.2, 0.1, None), (['shoddy'], -0.3, 0.5, None), (['high'], 0.16, 0.5399999999999999, None), (['high'], 0.16, 0.5399999999999999, None), (['responsible'], 0.2, 0.55, None), (['social'], 0.03333333333333333, 0.06666666666666667, None), (['shoddy'], -0.3, 0.5, None), (['most'], 0.5, 0.5, None), (['wants'], 0.2, 0.1, None), (['highly'], 0.16, 0.5399999999999999, None), (['due', '!'], -0.15625, 0.375, None)]
