polarity: 0.04642857142857142
subjectivity: 0.47599206349206347
assessments: [(['especially'], 0.0, 1.0, None), (['confirmed'], 0.4, 1.0, None), (['natural'], 0.1, 0.4, None), (['many'], 0.5, 0.5, None), (['public'], 0.0, 0.06666666666666667, None), (['desperate'], -0.6, 1.0, None), (['adequate'], 0.3333333333333333, 0.3333333333333333, None), (['human'], 0.0, 0.1, None), (['killed'], -0.2, 0.0, None), (['least'], -0.3, 0.4, None), (['large'], 0.21428571428571427, 0.42857142857142855, None), (['most'], 0.5, 0.5, None), (['following'], 0.0, 0.1, None), (['heavy'], -0.2, 0.5, None), (['past'], -0.25, 0.25, None), (['few'], -0.2, 0.1, None), (['many'], 0.5, 0.5, None), (['particularly'], 0.16666666666666666, 0.3333333333333333, None), (['total'], 0.0, 0.75, None), (['most'], 0.5, 0.5, None), (['primary'], 0.4, 0.5, None), (['primary'], 0.4, 0.5, None), (['further'], 0.0, 0.5, None), (['other'], -0.125, 0.375, None), (['limited'], -0.07142857142857142, 0.14285714285714285, None), (['expensive'], -0.5, 0.7, None), (['round'], -0.2, 0.4, None), (['huge'], 0.4000000000000001, 0.9, None), (['unable'], -0.5, 0.5, None), (['far', '!'], 0.125, 1.0, None)]
