polarity: 0.11642857142857141
subjectivity: 0.5158928571428572
assessments: [(['limited'], -0.07142857142857142, 0.14285714285714285, None), (['southern'], 0.0, 0.0, None), (['general'], 0.05000000000000002, 0.5, None), (['huge'], 0.4000000000000001, 0.9, None), (['supportive'], 0.5, 1.0, None), (['such'], 0.0, 0.5, None), (['further'], 0.0, 0.5, None), (['past'], -0.25, 0.25, None), (['few'], -0.2, 0.1, None), (['critical'], 0.0, 0.8, None), (['able'], 0.5, 0.625, None), (['common'], -0.3, 0.5, None), (['good'], 0.7, 0.6000000000000001, None), (['noble'], 0.6, 0.9, None), (['human'], 0.0, 0.1, None), (['kind'], 0.6, 0.9, None), (['very', 'enormous'], 0.0, 1.0, None), (['various'], 0.0, 0.5, None), (['heavy'], -0.2, 0.5, None), (['left', '!'], 0.0, 0.0, None)]
