polarity: 0.00777777777777778
subjectivity: 0.43611111111111106
assessments: [(['decent'], 0.16666666666666666, 0.6666666666666666, None), (['recent'], 0.0, 0.25, None), (['primary'], 0.4, 0.5, None), (['traditional'], 0.0, 0.75, None), (['able'], 0.5, 0.625, None), (['earlier'], 0.0, 0.5, None), (['short'], 0.0, 0.3, None), (['southern'], 0.0, 0.0, None), (['political'], 0.0, 0.1, None), (['southern'], 0.0, 0.0, None), (['recent'], 0.0, 0.25, None), (['traditional'], 0.0, 0.75, None), (['traditional'], 0.0, 0.75, None), (['heavy'], -0.2, 0.5, None), (['destructive', '!'], -0.75, 0.6, None)]
