polarity: 0.04684684684684683
subjectivity: 0.35540540540540544
assessments: [(['more'], 0.5, 0.5, None), (['heavy'], -0.2, 0.5, None), (['marked'], 0.1, 0.6, None), (['heavy'], -0.2, 0.5, None), (['strong'], 0.4333333333333333, 0.7333333333333333, None), (['southern'], 0.0, 0.0, None), (['available'], 0.4, 0.4, None), (['secure'], 0.4, 0.6, None), (['public'], 0.0, 0.06666666666666667, None), (['such'], 0.0, 0.5, None), (['higher'], 0.25, 0.5, None), (['weak'], -0.375, 0.625, None), (['public'], 0.0, 0.06666666666666667, None), (['following'], 0.0, 0.1, None), (['seamless'], 0.1, 0.1, None), (['public'], 0.0, 0.06666666666666667, None), (['safe'], 0.5, 0.5, None), (['related'], 0.0, 0.4, None), (['southern'], 0.0, 0.0, None), (['deep'], 0.0, 0.4, None), (['wide'], -0.1, 0.4, None), (['low'], 0.0, 0.3, None), (['developed'], 0.1, 0.3, None), (['southern'], 0.0, 0.0, None), (['approximately'], -0.4, 0.6, None), (['expected'], -0.1, 0.4, None), (['heavy'], -0.2, 0.5, None), (['southern'], 0.0, 0.0, None), (['strong'], 0.4333333333333333, 0.7333333333333333, None), (['expected'], -0.1, 0.4, None), (['mainly'], 0.16666666666666666, 0.3333333333333333, None), (['southern'], 0.0, 0.0, None), (['locally'], 0.0, 0.0, None), (['significant'], 0.375, 0.875, None), (['expected'], -0.1, 0.4, None), (['recent'], 0.0, 0.25, None), (['heavy', '!'], -0.25, 0.5, None)]
