polarity: 0.04024621212121211
subjectivity: 0.458452380952381
assessments: [(['human'], 0.0, 0.1, None), (['live'], 0.13636363636363635, 0.5, None), (['dead'], -0.2, 0.4, None), (['recently'], 0.0, 0.25, None), (['better'], 0.5, 0.5, None), (['very', 'expensive'], -0.65, 0.9099999999999999, None), (['impressed'], 1.0, 1.0, None), (['due'], -0.125, 0.375, None), (['heavy'], -0.2, 0.5, None), (['strong'], 0.4333333333333333, 0.7333333333333333, None), (['long'], -0.05, 0.4, None), (['lasting'], 0.0, 0.0, None), (['other'], -0.125, 0.375, None), (['other', '!'], -0.15625, 0.375, None)]
