polarity: 0.09191176470588236
subjectivity: 0.3860294117647059
assessments: [(['more'], 0.5, 0.5, None), (['primary'], 0.4, 0.5, None), (['various'], 0.0, 0.5, None), (['recent'], 0.0, 0.25, None), (['more'], 0.5, 0.5, None), (['long'], -0.05, 0.4, None), (['lasting'], 0.0, 0.0, None), (['such'], 0.0, 0.5, None), (['such'], 0.0, 0.5, None), (['such'], 0.0, 0.5, None), (['african'], 0.0, 0.0, None), (['medical'], 0.0, 0.0, None), (['international'], 0.0, 0.0, None), (['far'], 0.1, 1.0, None), (['worst'], -1.0, 1.0, None), (['chinese'], 0.0, 0.0, None), (['american'], 0.0, 0.0, None), (['supporting'], 0.25, 0.25, None), (['more'], 0.5, 0.5, None), (['next'], 0.0, 0.0, None), (['first'], 0.25, 0.3333333333333333, None), (['personal'], 0.0, 0.3, None), (['left'], 0.0, 0.0, None), (['decent'], 0.16666666666666666, 0.6666666666666666, None), (['popularly'], 0.6, 0.9, None), (['heartfelt'], 0.0, 1.0, None), (['loved'], 0.7, 0.8, None), (['recent'], 0.0, 0.25, None), (['open'], 0.0, 0.5, None), (['first'], 0.25, 0.3333333333333333, None), (['more'], 0.5, 0.5, None), (['following'], 0.0, 0.1, None), (['hard'], -0.2916666666666667, 0.5416666666666666, None), (['killed', '!'], -0.25, 0.0, None)]
