polarity: -0.0508340985613713
subjectivity: 0.4838919498010408
assessments: [(['killed'], -0.2, 0.0, None), (['old'], 0.1, 0.2, None), (['due'], -0.125, 0.375, None), (['past'], -0.25, 0.25, None), (['excessive'], -0.25, 1.0, None), (['due'], -0.125, 0.375, None), (['down'], -0.15555555555555559, 0.2888888888888889, None), (['due'], -0.125, 0.375, None), (['other'], -0.125, 0.375, None), (['small'], -0.25, 0.4, None), (['only'], 0.0, 1.0, None), (['other'], -0.125, 0.375, None), (['small'], -0.25, 0.4, None), (['new'], 0.13636363636363635, 0.45454545454545453, None), (['dead'], -0.2, 0.4, None), (['serious'], -0.3333333333333333, 0.6666666666666666, None), (['late'], -0.3, 0.6, None), (['traditional'], 0.0, 0.75, None), (['confirmed'], 0.4, 1.0, None), (['dead'], -0.2, 0.4, None), (['early'], 0.1, 0.3, None), (['following'], 0.0, 0.1, None), (['heavy'], -0.2, 0.5, None), (['confirmed'], 0.4, 1.0, None), (['rose'], 0.6, 0.95, None), (['brief'], 0.0, 0.3333333333333333, None), (['heavy'], -0.2, 0.5, None), (['dead'], -0.2, 0.4, None), (['brief'], 0.0, 0.3333333333333333, None), (['confirmed'], 0.4, 1.0, None), (['expected'], -0.1, 0.4, None), (['expected'], -0.1, 0.4, None), (['public', '!'], 0.0, 0.06666666666666667, None)]
