polarity: 0.10400132275132273
subjectivity: 0.4016865079365079
assessments: [(['red'], 0.0, 0.0, None), (['cross'], 0.0, 0.0, None), (['red'], 0.0, 0.0, None), (['cross'], 0.0, 0.0, None), (['crucial'], 0.0, 1.0, None), (['human'], 0.0, 0.1, None), (['right'], 0.2857142857142857, 0.5357142857142857, None), (['worth'], 0.3, 0.1, None), (['most'], 0.5, 0.5, None), (['vulnerable'], -0.5, 0.5, None), (['much'], 0.2, 0.2, None), (['red'], 0.0, 0.0, None), (['cross'], 0.0, 0.0, None), (['wise'], 0.7, 0.9, None), (['different'], 0.0, 0.6, None), (['least'], -0.3, 0.4, None), (['first'], 0.25, 0.3333333333333333, None), (['very', 'sure'], 0.65, 1.0, None), (['individual'], 0.0, 0.4, None), (['future'], 0.0, 0.125, None), (['not', 'left'], -0.0, 0.0, None), (['more'], 0.5, 0.5, None), (['vulnerable'], -0.5, 0.5, None), (['future'], 0.0, 0.125, None), (['possible'], 0.0, 1.0, None), (['quick'], 0.3333333333333333, 0.5, None), (['good'], 0.7, 0.6000000000000001, None), (['such'], 0.0, 0.5, None), (['respective'], 0.0, 0.1, None), (['due'], -0.125, 0.375, None), (['bad'], -0.6999999999999998, 0.6666666666666666, None), (['good'], 0.7, 0.6000000000000001, None), (['different'], 0.0, 0.6, None), (['differently'], 0.0, 0.6, None), (['very', 'happy'], 1.0, 1.0, None), (['few', '!'], -0.25, 0.1, None)]
