polarity: 0.08105732651187196
subjectivity: 0.4270489611398702
assessments: [(['last'], 0.0, 0.06666666666666667, None), (['following'], 0.0, 0.1, None), (['due'], -0.125, 0.375, None), (['heavy'], -0.2, 0.5, None), (['mainly'], 0.16666666666666666, 0.3333333333333333, None), (['normally'], 0.15, 0.6499999999999999, None), (['large'], 0.21428571428571427, 0.42857142857142855, None), (['such'], 0.0, 0.5, None), (['dangerous'], -0.6, 0.9, None), (['worthy'], 0.3333333333333333, 1.0, None), (['human'], 0.0, 0.1, None), (['following'], 0.0, 0.1, None), (['responsible'], 0.2, 0.55, None), (['social'], 0.03333333333333333, 0.06666666666666667, None), (['such'], 0.0, 0.5, None), (['difficult'], -0.5, 1.0, None), (['positively'], 0.22727272727272727, 0.5454545454545454, None), (['secondary'], -0.3, 0.3, None), (['first'], 0.25, 0.3333333333333333, None), (['various'], 0.0, 0.5, None), (['following'], 0.0, 0.1, None), (['similar'], 0.0, 0.4, None), (['suitable'], 0.55, 0.75, None), (['becoming'], 0.45, 0.8500000000000001, None), (['regular'], 0.0, 0.07692307692307693, None), (['lasting'], 0.0, 0.0, None), (['last'], 0.0, 0.06666666666666667, None), (['similar'], 0.0, 0.4, None), (['same'], 0.0, 0.125, None), (['same'], 0.0, 0.125, None), (['kind'], 0.6, 0.9, None), (['rose'], 0.6, 0.95, None), (['many', '!'], 0.625, 0.5, None)]
