polarity: 0.09428571428571429
subjectivity: 0.3616666666666667
assessments: [(['high'], 0.16, 0.5399999999999999, None), (['back'], 0.0, 0.0, None), (['immense'], 0.0, 1.0, None), (['most'], 0.5, 0.5, None), (['short'], 0.0, 0.3, None), (['last'], 0.0, 0.06666666666666667, None), (['future', '!'], 0.0, 0.125, None)]
