polarity: 0.1409405606214117
subjectivity: 0.47677980412022963
assessments: [(['heavy'], -0.2, 0.5, None), (['southern'], 0.0, 0.0, None), (['last'], 0.0, 0.06666666666666667, None), (['initially'], 0.0, 0.0, None), (['heavy'], -0.2, 0.5, None), (['southern'], 0.0, 0.0, None), (['especially'], 0.0, 1.0, None), (['educational'], 0.25, 0.25, None), (['such'], 0.0, 0.5, None), (['such'], 0.0, 0.5, None), (['heavy'], -0.2, 0.5, None), (['greatly'], 0.8, 0.75, None), (['fail'], -0.5, 0.29999999999999993, None), (['basic'], 0.0, 0.125, None), (['foreign'], -0.125, 0.125, None), (['supporting'], 0.25, 0.25, None), (['right'], 0.2857142857142857, 0.5357142857142857, None), (['sound'], 0.4, 0.4, None), (['prominent'], 0.5, 1.0, None), (['acting'], 0.0, 0.0, None), (['former'], 0.0, 0.0, None), (['prominent'], 0.5, 1.0, None), (['whole'], 0.2, 0.4, None), (['only'], 0.0, 1.0, None), (['most'], 0.5, 0.5, None), (['traditional'], 0.0, 0.75, None), (['down'], -0.15555555555555559, 0.2888888888888889, None), (['sound'], 0.4, 0.4, None), (['originally'], 0.375, 0.75, None), (['impressed'], 1.0, 1.0, None), (['back'], 0.0, 0.0, None), (['traditional'], 0.0, 0.75, None), (['first'], 0.25, 0.3333333333333333, None), (['strong'], 0.4333333333333333, 0.7333333333333333, None), (['future'], 0.0, 0.125, None), (['secondary'], -0.3, 0.3, None), (['many'], 0.5, 0.5, None), (['final'], 0.0, 1.0, None), (['secondary'], -0.3, 0.3, None), (['happy'], 0.8, 1.0, None), (['other'], -0.125, 0.375, None), (['right'], 0.2857142857142857, 0.5357142857142857, None), (['potential'], 0.0, 1.0, None), (['welcome'], 0.8, 0.9, None), (['open'], 0.0, 0.5, None), (['future'], 0.0, 0.125, None), (['high', '!'], 0.2, 0.5399999999999999, None)]
