polarity: 0.11722000771505722
subjectivity: 0.3887071921477863
assessments: [(['uncommon'], 0.8, 1.0, None), (['major'], 0.0625, 0.5, None), (['rural'], 0.0, 0.0, None), (['urban'], 0.0, 0.0, None), (['southern'], 0.0, 0.0, None), (['most'], 0.5, 0.5, None), (['many'], 0.5, 0.5, None), (['least'], -0.3, 0.4, None), (['due'], -0.125, 0.375, None), (['higher'], 0.25, 0.5, None), (['domestic'], 0.0, 0.1, None), (['major'], 0.0625, 0.5, None), (['extensive'], 0.0, 0.3333333333333333, None), (['overall'], 0.0, 0.0, None), (['local'], 0.0, 0.0, None), (['vulnerable'], -0.5, 0.5, None), (['first'], 0.25, 0.3333333333333333, None), (['similar'], 0.0, 0.4, None), (['other'], -0.125, 0.375, None), (['natural'], 0.1, 0.4, None), (['actually'], 0.0, 0.1, None), (['large'], 0.21428571428571427, 0.42857142857142855, None), (['social'], 0.03333333333333333, 0.06666666666666667, None), (['human'], 0.0, 0.1, None), (['prominent'], 0.5, 1.0, None), (['current'], 0.0, 0.4, None), (['academic'], 0.0, 0.0, None), (['social'], 0.03333333333333333, 0.06666666666666667, None), (['economic'], 0.2, 0.2, None), (['high'], 0.16, 0.5399999999999999, None), (['mean'], -0.3125, 0.6875, None), (['more'], 0.5, 0.5, None), (['natural'], 0.1, 0.4, None), (['most'], 0.5, 0.5, None), (['effective'], 0.6, 0.8, None), (['particular'], 0.16666666666666666, 0.3333333333333333, None), (['certain'], 0.21428571428571427, 0.5714285714285714, None), (['more'], 0.5, 0.5, None), (['vulnerable'], -0.5, 0.5, None), (['best'], 1.0, 0.3, None), (['overall'], 0.0, 0.0, None), (['local'], 0.0, 0.0, None), (['widely'], -0.1, 0.4, None), (['mostly'], 0.5, 0.5, None), (['more'], 0.5, 0.5, None), (['starting'], 0.0, 0.1, None), (['not', 'enough'], -0.0, 0.5, None), (['limited'], -0.07142857142857142, 0.14285714285714285, None), (['effective'], 0.6, 0.8, None), (['smooth'], 0.4, 0.5, None), (['heavily'], -0.2, 0.5, None), (['third'], 0.0, 0.0, None), (['half'], -0.16666666666666666, 0.16666666666666666, None), (['particularly'], 0.16666666666666666, 0.3333333333333333, None), (['most'], 0.5, 0.5, None), (['single'], -0.07142857142857142, 0.21428571428571427, None), (['particularly', 'vulnerable'], -0.5, 0.5, None), (['recent'], 0.0, 0.25, None), (['smaller'], 0.0, 0.5, None), (['poor'], -0.4, 0.6, None), (['economic'], 0.2, 0.2, None), (['social'], 0.03333333333333333, 0.06666666666666667, None), (['limited'], -0.07142857142857142, 0.14285714285714285, None), (['possible'], 0.0, 1.0, None), (['back'], 0.0, 0.0, None), (['mixed'], 0.0, 0.25, None), (['mainly'], 0.16666666666666666, 0.3333333333333333, None), (['no', 'other'], 0.0625, 0.375, None), (['further'], 0.0, 0.5, None), (['mostly'], 0.5, 0.5, None), (['early'], 0.1, 0.3, None), (['early'], 0.1, 0.3, None), (['latest'], 0.5, 0.9, None), (['significant'], 0.375, 0.875, None), (['essential'], 0.0, 0.3, None), (['early'], 0.1, 0.3, None), (['not', 'enough'], -0.0, 0.5, None), (['local'], 0.0, 0.0, None), (['early'], 0.1, 0.3, None), (['top'], 0.5, 0.5, None), (['barely'], 0.05, 0.1, None), (['poor'], -0.4, 0.6, None), (['only'], 0.0, 1.0, None), (['limited'], -0.07142857142857142, 0.14285714285714285, None), (['local'], 0.0, 0.0, None), (['more'], 0.5, 0.5, None), (['effectively'], 0.6, 0.8, None), (['crucial'], 0.0, 1.0, None), (['first'], 0.25, 0.3333333333333333, None), (['possible'], 0.0, 1.0, None), (['fine'], 0.4166666666666667, 0.5, None), (['physical'], 0.0, 0.14285714285714285, None), (['other'], -0.125, 0.375, None), (['more'], 0.5, 0.5, None), (['new'], 0.13636363636363635, 0.45454545454545453, None), (['remote'], -0.1, 0.2, None), (['financial'], 0.0, 0.0, None), (['finally'], 0.0, 1.0, None), (['most'], 0.5, 0.5, None), (['rich'], 0.375, 0.75, None), (['local', '!'], 0.0, 0.0, None)]
