polarity: 0.02569444444444444
subjectivity: 0.4063131313131313
assessments: [(['destroy'], -0.2, 0.0, None), (['traditional'], 0.0, 0.75, None), (['local'], 0.0, 0.0, None), (['late'], -0.3, 0.6, None), (['real'], 0.2, 0.30000000000000004, None), (['failed'], -0.5, 0.3, None), (['not', 'accessible'], -0.1875, 0.375, None), (['currently'], 0.0, 0.4, None), (['more'], 0.5, 0.5, None), (['safe'], 0.5, 0.5, None), (['other'], -0.125, 0.375, None), (['available'], 0.4, 0.4, None), (['down'], -0.15555555555555559, 0.2888888888888889, None), (['accessible'], 0.375, 0.375, None), (['total'], 0.0, 0.75, None), (['pregnant'], 0.3333333333333333, 0.5, None), (['similar'], 0.0, 0.4, None), (['traditional'], 0.0, 0.75, None), (['following'], 0.0, 0.1, None), (['near'], 0.1, 0.4, None), (['due'], -0.125, 0.375, None), (['heavy', '!'], -0.25, 0.5, None)]
