polarity: 0.18880643166357453
subjectivity: 0.4325104789390503
assessments: [(['russian'], 0.0, 0.0, None), (['different'], 0.0, 0.6, None), (['russian'], 0.0, 0.0, None), (['greatly'], 0.8, 0.75, None), (['single'], -0.07142857142857142, 0.21428571428571427, None), (['russian'], 0.0, 0.0, None), (['whole'], 0.2, 0.4, None), (['kind'], 0.6, 0.9, None), (['relatively'], 0.0, 0.0, None), (['concisely'], 0.1, 0.6, None), (['far'], 0.1, 1.0, None), (['more'], 0.5, 0.5, None), (['sure'], 0.5, 0.8888888888888888, None), (['higher'], 0.25, 0.5, None), (['same'], 0.0, 0.125, None), (['better'], 0.5, 0.5, None), (['new'], 0.13636363636363635, 0.45454545454545453, None), (['russian'], 0.0, 0.0, None), (['russian'], 0.0, 0.0, None), (['true'], 0.35, 0.65, None), (['not', 'only', '!'], -0.0, 1.0, None)]
