polarity: -0.08339646464646465
subjectivity: 0.478493265993266
assessments: [(['higher'], 0.25, 0.5, None), (['respectively'], 0.0, 0.1, None), (['rank'], -0.8, 0.9, None), (['such'], 0.0, 0.5, None), (['different'], 0.0, 0.6, None), (['further'], 0.0, 0.5, None), (['differently'], 0.0, 0.6, None), (['harsh'], -0.2, 0.7, None), (['personal'], 0.0, 0.3, None), (['new'], 0.13636363636363635, 0.45454545454545453, None), (['own'], 0.6, 1.0, None), (['past'], -0.25, 0.25, None), (['other'], -0.125, 0.375, None), (['above'], 0.0, 0.1, None), (['rank'], -0.8, 0.9, None), (['brief'], 0.0, 0.3333333333333333, None), (['not', 'aware', '!'], -0.15625, 0.25, None), (['not', 'aware', '!'], -0.15625, 0.25, None)]
