polarity: 0.09966966966966966
subjectivity: 0.41635349635349633
assessments: [(['more'], 0.5, 0.5, None), (['most'], 0.5, 0.5, None), (['likely'], 0.0, 1.0, None), (['starting'], 0.0, 0.1, None), (['locally', 'heavy'], -0.2, 0.5, None), (['southern'], 0.0, 0.0, None), (['central'], 0.0, 0.25, None), (['due'], -0.125, 0.375, None), (['high'], 0.16, 0.5399999999999999, None), (['significant'], 0.375, 0.875, None), (['expected'], -0.1, 0.4, None), (['expected'], -0.1, 0.4, None), (['such'], 0.0, 0.5, None), (['open'], 0.0, 0.5, None), (['physical'], 0.0, 0.14285714285714285, None), (['particularly'], 0.16666666666666666, 0.3333333333333333, None), (['slow'], -0.30000000000000004, 0.39999999999999997, None), (['down'], -0.15555555555555559, 0.2888888888888889, None), (['more'], 0.5, 0.5, None), (['due'], -0.125, 0.375, None), (['due'], -0.125, 0.375, None), (['such'], 0.0, 0.5, None), (['dry'], -0.06666666666666665, 0.6, None), (['due'], -0.125, 0.375, None), (['heavy'], -0.2, 0.5, None), (['respectively'], 0.0, 0.1, None), (['becoming'], 0.45, 0.8500000000000001, None), (['most'], 0.5, 0.5, None), (['frequent'], 0.1, 0.3, None), (['public'], 0.0, 0.06666666666666667, None), (['more'], 0.5, 0.5, None), (['future'], 0.0, 0.125, None), (['later'], 0.0, 0.0, None), (['strong'], 0.4333333333333333, 0.7333333333333333, None), (['more'], 0.5, 0.5, None), (['more'], 0.5, 0.5, None), (['directly', '!'], 0.125, 0.4, None)]
