polarity: -0.10666666666666666
subjectivity: 0.29944444444444446
assessments: [(['various'], 0.0, 0.5, None), (['worth'], 0.3, 0.1, None), (['recent'], 0.0, 0.25, None), (['general'], 0.05000000000000002, 0.5, None), (['shocked'], -0.7, 0.8, None), (['following'], 0.0, 0.1, None), (['last'], 0.0, 0.06666666666666667, None), (['back'], 0.0, 0.0, None), (['long'], -0.05, 0.4, None), (['back'], 0.0, 0.0, None), (['other'], -0.125, 0.375, None), (['back'], 0.0, 0.0, None), (['devastating'], -1.0, 1.0, None), (['killed'], -0.2, 0.0, None), (['natural', '!'], 0.125, 0.4, None)]
