polarity: 0.08116666666666666
subjectivity: 0.46916666666666657
assessments: [(['chinese'], 0.0, 0.0, None), (['foreign'], -0.125, 0.125, None), (['last'], 0.0, 0.06666666666666667, None), (['devastating'], -1.0, 1.0, None), (['more'], 0.5, 0.5, None), (['especially'], 0.0, 1.0, None), (['southern'], 0.0, 0.0, None), (['numerous'], 0.0, 0.5, None), (['latest'], 0.5, 0.9, None), (['such'], 0.0, 0.5, None), (['many'], 0.5, 0.5, None), (['good'], 0.7, 0.6000000000000001, None), (['effectively'], 0.6, 0.8, None), (['very', 'painful'], -0.9099999999999999, 1.0, None), (['chinese'], 0.0, 0.0, None), (['back'], 0.0, 0.0, None), (['relevant'], 0.4, 0.9, None), (['foreign'], -0.125, 0.125, None), (['super'], 0.3333333333333333, 0.6666666666666666, None), (['really', '!'], 0.25, 0.2, None)]
