polarity: 0.12839630066902794
subjectivity: 0.4616706021251475
assessments: [(['secure'], 0.4, 0.6, None), (['secure'], 0.4, 0.6, None), (['natural'], 0.1, 0.4, None), (['following'], 0.0, 0.1, None), (['especially'], 0.0, 1.0, None), (['devastating'], -1.0, 1.0, None), (['most'], 0.5, 0.5, None), (['advanced'], 0.4, 0.6, None), (['only'], 0.0, 1.0, None), (['minimal'], -0.1, 0.6, None), (['recently'], 0.0, 0.25, None), (['first'], 0.25, 0.3333333333333333, None), (['round'], -0.2, 0.4, None), (['final'], 0.0, 1.0, None), (['similar'], 0.0, 0.4, None), (['recent'], 0.0, 0.25, None), (['possible'], 0.0, 1.0, None), (['due'], -0.125, 0.375, None), (['particular'], 0.16666666666666666, 0.3333333333333333, None), (['recent'], 0.0, 0.25, None), (['good'], 0.7, 0.6000000000000001, None), (['good'], 0.7, 0.6000000000000001, None), (['other'], -0.125, 0.375, None), (['generally'], 0.05000000000000002, 0.5, None), (['most'], 0.5, 0.5, None), (['good'], 0.7, 0.6000000000000001, None), (['last'], 0.0, 0.06666666666666667, None), (['most'], 0.5, 0.5, None), (['average'], -0.15, 0.39999999999999997, None), (['most'], 0.5, 0.5, None), (['average'], -0.15, 0.39999999999999997, None), (['above'], 0.0, 0.1, None), (['average'], -0.15, 0.39999999999999997, None), (['vital'], 0.1, 0.4, None), (['most'], 0.5, 0.5, None), (['third'], 0.0, 0.0, None), (['gross'], 0.0, 0.0, None), (['domestic'], 0.0, 0.1, None), (['critical'], 0.0, 0.8, None), (['positive'], 0.22727272727272727, 0.5454545454545454, None), (['large'], 0.21428571428571427, 0.42857142857142855, None), (['overall'], 0.0, 0.0, None), (['more'], 0.5, 0.5, None), (['main'], 0.16666666666666666, 0.3333333333333333, None), (['main'], 0.16666666666666666, 0.3333333333333333, None), (['far'], 0.1, 1.0, None), (['most'], 0.5, 0.5, None), (['entire'], 0.0, 0.625, None), (['main'], 0.16666666666666666, 0.3333333333333333, None), (['public'], 0.0, 0.06666666666666667, None), (['same'], 0.0, 0.125, None), (['limited'], -0.07142857142857142, 0.14285714285714285, None), (['such'], 0.0, 0.5, None), (['only'], 0.0, 1.0, None), (['able', '!'], 0.625, 0.625, None)]
