polarity: 0.16946428571428573
subjectivity: 0.4364880952380951
assessments: [(['especially'], 0.0, 1.0, None), (['currently'], 0.0, 0.4, None), (['such'], 0.0, 0.5, None), (['less'], -0.16666666666666666, 0.06666666666666667, None), (['certain'], 0.21428571428571427, 0.5714285714285714, None), (['young'], 0.1, 0.4, None), (['currently'], 0.0, 0.4, None), (['currently'], 0.0, 0.4, None), (['innocent'], 0.5, 0.7, None), (['greatly'], 0.8, 0.75, None), (['same'], 0.0, 0.125, None), (['better'], 0.5, 0.5, None), (['far'], 0.1, 1.0, None), (['technical'], 0.0, 0.1, None), (['following'], 0.0, 0.1, None), (['winning'], 0.5, 0.75, None), (['first'], 0.25, 0.3333333333333333, None), (['last'], 0.0, 0.06666666666666667, None), (['win'], 0.8, 0.4, None), (['half', '!'], -0.20833333333333331, 0.16666666666666666, None)]
