polarity: 0.09160087719298246
subjectivity: 0.46267543859649124
assessments: [(['devastating'], -1.0, 1.0, None), (['normal'], 0.15, 0.6499999999999999, None), (['primary'], 0.4, 0.5, None), (['traditional'], 0.0, 0.75, None), (['following'], 0.0, 0.1, None), (['experienced'], 0.8, 0.9, None), (['last'], 0.0, 0.06666666666666667, None), (['natural'], 0.1, 0.4, None), (['various'], 0.0, 0.5, None), (['social'], 0.03333333333333333, 0.06666666666666667, None), (['such'], 0.0, 0.5, None), (['public'], 0.0, 0.06666666666666667, None), (['social'], 0.03333333333333333, 0.06666666666666667, None), (['possible'], 0.0, 1.0, None), (['normal'], 0.15, 0.6499999999999999, None), (['urban'], 0.0, 0.0, None), (['decent'], 0.16666666666666666, 0.6666666666666666, None), (['popularly'], 0.6, 0.9, None), (['little'], -0.1875, 0.5, None), (['available'], 0.4, 0.4, None), (['warm'], 0.6, 0.6, None), (['mostly'], 0.5, 0.5, None), (['best'], 1.0, 0.3, None), (['highly'], 0.16, 0.5399999999999999, None), (['busy'], 0.1, 0.3, None), (['kind'], 0.6, 0.9, None), (['left'], 0.0, 0.0, None), (['dead'], -0.2, 0.4, None), (['most'], 0.5, 0.5, None), (['red'], 0.0, 0.0, None), (['cross'], 0.0, 0.0, None), (['same'], 0.0, 0.125, None), (['least'], -0.3, 0.4, None), (['deplorable'], -0.6, 0.9, None), (['passionate'], -0.05, 0.8500000000000001, None), (['cutting'], -0.6, 0.9, None), (['short'], 0.0, 0.3, None), (['clear', '!'], 0.12500000000000003, 0.3833333333333333, None)]
