polarity: -0.09538461538461537
subjectivity: 0.4024358974358974
assessments: [(['devastating'], -1.0, 1.0, None), (['missing'], -0.2, 0.05, None), (['heavy'], -0.2, 0.5, None), (['forced'], -0.30000000000000004, 0.2, None), (['high'], 0.16, 0.5399999999999999, None), (['not', 'confirmed'], -0.2, 1.0, None), (['missing'], -0.2, 0.05, None), (['public'], 0.0, 0.06666666666666667, None), (['busy'], 0.1, 0.3, None), (['near'], 0.1, 0.4, None), (['same'], 0.0, 0.125, None), (['safe'], 0.5, 0.5, None), (['such', '!'], 0.0, 0.5, None)]
