polarity: 0.022135416666666664
subjectivity: 0.2875
assessments: [(['red'], 0.0, 0.0, None), (['cross'], 0.0, 0.0, None), (['acting'], 0.0, 0.0, None), (['following'], 0.0, 0.1, None), (['devastating'], -1.0, 1.0, None), (['desperate'], -0.6, 1.0, None), (['basic'], 0.0, 0.125, None), (['clearly'], 0.10000000000000002, 0.3833333333333333, None), (['enormous'], 0.0, 0.9, None), (['other'], -0.125, 0.375, None), (['natural'], 0.1, 0.4, None), (['key'], 0.0, 1.0, None), (['subsequent'], 0.0, 0.05, None), (['red'], 0.0, 0.0, None), (['cross'], 0.0, 0.0, None), (['red'], 0.0, 0.0, None), (['cross'], 0.0, 0.0, None), (['vast'], 0.0, 1.0, None), (['previous'], -0.16666666666666666, 0.16666666666666666, None), (['red'], 0.0, 0.0, None), (['cross'], 0.0, 0.0, None), (['pleased'], 0.5, 1.0, None), (['red'], 0.0, 0.0, None), (['cross'], 0.0, 0.0, None), (['red'], 0.0, 0.0, None), (['cross'], 0.0, 0.0, None), (['good'], 0.7, 0.6000000000000001, None), (['many'], 0.5, 0.5, None), (['red'], 0.0, 0.0, None), (['cross'], 0.0, 0.0, None), (['good'], 0.7, 0.6000000000000001, None), (['standard', '!'], 0.0, 0.0, None)]
