polarity: 0.07361111111111111
subjectivity: 0.5671296296296297
assessments: [(['expected'], -0.1, 0.4, None), (['expected'], -0.1, 0.4, None), (['far'], 0.1, 1.0, None), (['expected'], -0.1, 0.4, None), (['pregnant'], 0.3333333333333333, 0.5, None), (['complicated'], -0.5, 1.0, None), (['far'], 0.1, 1.0, None), (['far'], 0.1, 1.0, None), (['other'], -0.125, 0.375, None), (['safe'], 0.5, 0.5, None), (['early'], 0.1, 0.3, None), (['next'], 0.0, 0.0, None), (['far'], 0.1, 1.0, None), (['net'], 0.0, 0.0, None), (['least'], -0.3, 0.4, None), (['vibrant'], 0.16666666666666666, 0.3333333333333333, None), (['great'], 0.8, 0.75, None), (['hot'], 0.25, 0.8500000000000001, None)]
