polarity: 0.06096491228070175
subjectivity: 0.3916666666666667
assessments: [(['more'], 0.5, 0.5, None), (['likely'], 0.0, 1.0, None), (['more'], 0.5, 0.5, None), (['next'], 0.0, 0.0, None), (['few'], -0.2, 0.1, None), (['especially'], 0.0, 1.0, None), (['southern'], 0.0, 0.0, None), (['heavy'], -0.2, 0.5, None), (['secure'], 0.4, 0.6, None), (['public'], 0.0, 0.06666666666666667, None), (['such'], 0.0, 0.5, None), (['higher'], 0.25, 0.5, None), (['weak'], -0.375, 0.625, None), (['due'], -0.125, 0.375, None), (['deep'], 0.0, 0.4, None), (['wide'], -0.1, 0.4, None), (['low'], 0.0, 0.3, None), (['southern'], 0.0, 0.0, None), (['heavy'], -0.2, 0.5, None), (['strong'], 0.4333333333333333, 0.7333333333333333, None), (['expected'], -0.1, 0.4, None), (['mainly'], 0.16666666666666666, 0.3333333333333333, None), (['southern'], 0.0, 0.0, None), (['21st'], 0.0, 0.0, None), (['heavy'], -0.2, 0.5, None), (['southern'], 0.0, 0.0, None), (['far'], 0.1, 1.0, None), (['due'], -0.125, 0.375, None), (['natural'], 0.1, 0.4, None), (['last'], 0.0, 0.06666666666666667, None), (['most'], 0.5, 0.5, None), (['due'], -0.125, 0.375, None), (['expected'], -0.1, 0.4, None), (['later'], 0.0, 0.0, None), (['southern'], 0.0, 0.0, None), (['vibrant'], 0.16666666666666666, 0.3333333333333333, None), (['great'], 0.8, 0.75, None), (['hot'], 0.25, 0.8500000000000001, None)]
