polarity: 0.07450980392156863
subjectivity: 0.5019607843137255
assessments: [(['due'], -0.125, 0.375, None), (['heavy'], -0.2, 0.5, None), (['rose'], 0.6, 0.95, None), (['traditional'], 0.0, 0.75, None), (['due'], -0.125, 0.375, None), (['natural'], 0.1, 0.4, None), (['true'], 0.35, 0.65, None), (['local'], 0.0, 0.0, None), (['due'], -0.125, 0.375, None), (['heavy'], -0.2, 0.5, None), (['due'], -0.125, 0.375, None), (['responsible'], 0.2, 0.55, None), (['expected'], -0.1, 0.4, None), (['dead'], -0.2, 0.4, None), (['vibrant'], 0.16666666666666666, 0.3333333333333333, None), (['great'], 0.8, 0.75, None), (['hot'], 0.25, 0.8500000000000001, None)]
