polarity: 0.08205128205128205
subjectivity: 0.4333333333333333
assessments: [(['heavy'], -0.2, 0.5, None), (['due'], -0.125, 0.375, None), (['heavy'], -0.2, 0.5, None), (['subsequent'], 0.0, 0.05, None), (['southern'], 0.0, 0.0, None), (['political'], 0.0, 0.1, None), (['safe'], 0.5, 0.5, None), (['other'], -0.125, 0.375, None), (['low'], 0.0, 0.3, None), (['only'], 0.0, 1.0, None), (['vibrant'], 0.16666666666666666, 0.3333333333333333, None), (['great'], 0.8, 0.75, None), (['hot'], 0.25, 0.8500000000000001, None)]
