polarity: 0.030555555555555555
subjectivity: 0.4223958333333333
assessments: [(['more'], 0.5, 0.5, None), (['heavy'], -0.2, 0.5, None), (['southern'], 0.0, 0.0, None), (['starting'], 0.0, 0.1, None), (['recent'], 0.0, 0.25, None), (['deep'], 0.0, 0.4, None), (['wide'], -0.1, 0.4, None), (['low'], 0.0, 0.3, None), (['developed'], 0.1, 0.3, None), (['southern'], 0.0, 0.0, None), (['approximately'], -0.4, 0.6, None), (['expected'], -0.1, 0.4, None), (['heavy'], -0.2, 0.5, None), (['southern'], 0.0, 0.0, None), (['heavy'], -0.2, 0.5, None), (['strong'], 0.4333333333333333, 0.7333333333333333, None), (['expected'], -0.1, 0.4, None), (['starting'], 0.0, 0.1, None), (['mainly'], 0.16666666666666666, 0.3333333333333333, None), (['southern'], 0.0, 0.0, None), (['locally'], 0.0, 0.0, None), (['significant'], 0.375, 0.875, None), (['expected'], -0.1, 0.4, None), (['secure'], 0.4, 0.6, None), (['public'], 0.0, 0.06666666666666667, None), (['higher'], 0.25, 0.5, None), (['weak'], -0.375, 0.625, None), (['heavy'], -0.2, 0.5, None), (['last'], 0.0, 0.06666666666666667, None), (['total'], 0.0, 0.75, None), (['approximately'], -0.4, 0.6, None), (['most'], 0.5, 0.5, None), (['far'], 0.1, 1.0, None), (['total'], 0.0, 0.75, None), (['especially'], 0.0, 1.0, None), (['many'], 0.5, 0.5, None), (['such'], 0.0, 0.5, None), (['devastating'], -1.0, 1.0, None), (['proper'], 0.0, 0.1, None), (['primary'], 0.4, 0.5, None), (['secondary'], -0.3, 0.3, None), (['public'], 0.0, 0.06666666666666667, None), (['forced'], -0.30000000000000004, 0.2, None), (['many'], 0.5, 0.5, None), (['basic'], 0.0, 0.125, None), (['vibrant'], 0.16666666666666666, 0.3333333333333333, None), (['great'], 0.8, 0.75, None), (['hot'], 0.25, 0.8500000000000001, None)]
