polarity: 0.10545414462081128
subjectivity: 0.4769973544973544
assessments: [(['due'], -0.125, 0.375, None), (['heavy'], -0.2, 0.5, None), (['most'], 0.5, 0.5, None), (['such'], 0.0, 0.5, None), (['right'], 0.2857142857142857, 0.5357142857142857, None), (['heavy'], -0.2, 0.5, None), (['primary'], 0.4, 0.5, None), (['traditional'], 0.0, 0.75, None), (['next'], 0.0, 0.0, None), (['more'], 0.5, 0.5, None), (['far'], 0.1, 1.0, None), (['other'], -0.125, 0.375, None), (['cross'], 0.0, 0.0, None), (['other'], -0.125, 0.375, None), (['such'], 0.0, 0.5, None), (['various'], 0.0, 0.5, None), (['primary'], 0.4, 0.5, None), (['countless'], 0.0, 0.5, None), (['primary'], 0.4, 0.5, None), (['heavy'], -0.2, 0.5, None), (['big'], 0.0, 0.1, None), (['forced'], -0.30000000000000004, 0.2, None), (['difficult'], -0.5, 1.0, None), (['effectively'], 0.6, 0.8, None), (['open'], 0.0, 0.5, None), (['long'], -0.05, 0.4, None), (['such'], 0.0, 0.5, None), (['enough'], 0.0, 0.5, None), (['most'], 0.5, 0.5, None), (['many'], 0.5, 0.5, None), (['other'], -0.125, 0.375, None), (['most'], 0.5, 0.5, None), (['primary'], 0.4, 0.5, None), (['other'], -0.125, 0.375, None), (['right'], 0.2857142857142857, 0.5357142857142857, None), (['right'], 0.2857142857142857, 0.5357142857142857, None), (['fail'], -0.5, 0.29999999999999993, None), (['right'], 0.2857142857142857, 0.5357142857142857, None), (['high'], 0.16, 0.5399999999999999, None), (['last'], 0.0, 0.06666666666666667, None), (['especially'], 0.0, 1.0, None), (['related'], 0.0, 0.4, None), (['more'], 0.5, 0.5, None), (['more'], 0.5, 0.5, None), (['expected'], -0.1, 0.4, None), (['not', 'only'], -0.0, 1.0, None), (['such'], 0.0, 0.5, None), (['few'], -0.2, 0.1, None), (['international'], 0.0, 0.0, None), (['more'], 0.5, 0.5, None), (['past'], -0.25, 0.25, None), (['vibrant'], 0.16666666666666666, 0.3333333333333333, None), (['great'], 0.8, 0.75, None), (['hot'], 0.25, 0.8500000000000001, None)]
