polarity: -0.012904761904761903
subjectivity: 0.3868809523809524
assessments: [(['expected'], -0.1, 0.4, None), (['due'], -0.125, 0.375, None), (['southern'], 0.0, 0.0, None), (['expected'], -0.1, 0.4, None), (['worst'], -1.0, 1.0, None), (['main'], 0.16666666666666666, 0.3333333333333333, None), (['above'], 0.0, 0.1, None), (['average'], -0.15, 0.39999999999999997, None), (['recent'], 0.0, 0.25, None), (['southern'], 0.0, 0.0, None), (['further'], 0.0, 0.5, None), (['likely'], 0.0, 1.0, None), (['heavy'], -0.2, 0.5, None), (['much'], 0.2, 0.2, None), (['second'], 0.0, 0.0, None), (['half'], -0.16666666666666666, 0.16666666666666666, None), (['further'], 0.0, 0.5, None), (['potentially'], 0.0, 1.0, None), (['larger'], 0.0, 0.5, None), (['central'], 0.0, 0.25, None), (['expected'], -0.1, 0.4, None), (['following'], 0.0, 0.1, None), (['tight'], -0.17857142857142858, 0.2857142857142857, None), (['due'], -0.125, 0.375, None), (['sharply'], -0.125, 0.75, None), (['more'], 0.5, 0.5, None), (['likely'], 0.0, 1.0, None), (['expected'], -0.1, 0.4, None), (['average'], -0.15, 0.39999999999999997, None), (['short'], 0.0, 0.3, None), (['last'], 0.0, 0.06666666666666667, None), (['more'], 0.5, 0.5, None), (['above'], 0.0, 0.1, None), (['such'], 0.0, 0.5, None), (['southern'], 0.0, 0.0, None), (['recent'], 0.0, 0.25, None), (['due'], -0.125, 0.375, None), (['further'], 0.0, 0.5, None), (['above'], 0.0, 0.1, None), (['average'], -0.15, 0.39999999999999997, None), (['expected'], -0.1, 0.4, None), (['following'], 0.0, 0.1, None), (['main'], 0.16666666666666666, 0.3333333333333333, None), (['expected'], -0.1, 0.4, None), (['late'], -0.3, 0.6, None), (['next'], 0.0, 0.0, None), (['currently'], 0.0, 0.4, None), (['vibrant'], 0.16666666666666666, 0.3333333333333333, None), (['great'], 0.8, 0.75, None), (['hot'], 0.25, 0.8500000000000001, None)]
