polarity: -0.04253246753246753
subjectivity: 0.2464285714285714
assessments: [(['heavy'], -0.2, 0.5, None), (['heavy'], -0.2, 0.5, None), (['outside'], 0.0, 0.05, None), (['standard'], 0.0, 0.0, None), (['limited'], -0.07142857142857142, 0.14285714285714285, None), (['starting'], 0.0, 0.1, None), (['due'], -0.125, 0.375, None), (['heavy'], -0.2, 0.5, None), (['limited'], -0.07142857142857142, 0.14285714285714285, None), (['digital'], 0.0, 0.0, None), (['available'], 0.4, 0.4, None)]
