polarity: -0.08645833333333333
subjectivity: 0.24270833333333336
assessments: [(['expected'], -0.1, 0.4, None), (['due'], -0.125, 0.375, None), (['half'], -0.16666666666666666, 0.16666666666666666, None), (['southern'], 0.0, 0.0, None), (['following'], 0.0, 0.1, None), (['heavy'], -0.2, 0.5, None), (['several'], 0.0, 0.0, None), (['expected'], -0.1, 0.4, None)]
