polarity: 0.014814814814814805
subjectivity: 0.3666666666666667
assessments: [(['killed'], -0.2, 0.0, None), (['traditional'], 0.0, 0.75, None), (['following'], 0.0, 0.1, None), (['heavy'], -0.2, 0.5, None), (['natural'], 0.1, 0.4, None), (['traditional'], 0.0, 0.75, None), (['strong'], 0.4333333333333333, 0.7333333333333333, None), (['upper'], 0.0, 0.0, None), (['last'], 0.0, 0.06666666666666667, None)]
