polarity: 0.08095238095238096
subjectivity: 0.2785714285714286
assessments: [(['following'], 0.0, 0.1, None), (['last'], 0.0, 0.06666666666666667, None), (['following'], 0.0, 0.1, None), (['killed'], -0.2, 0.0, None), (['approximately'], -0.4, 0.6, None), (['medical'], 0.0, 0.0, None), (['back'], 0.0, 0.0, None), (['deeply'], 0.0, 0.4, None), (['much'], 0.2, 0.2, None), (['adequate'], 0.3333333333333333, 0.3333333333333333, None), (['various'], 0.0, 0.5, None), (['heroic'], 0.7, 0.9, None), (['love'], 0.5, 0.6, None), (['respectively'], 0.0, 0.1, None)]
