polarity: -0.014583333333333332
subjectivity: 0.3065277777777778
assessments: [(['public'], 0.0, 0.06666666666666667, None), (['aged'], -0.1, 0.4, None), (['aged'], -0.1, 0.4, None), (['cross'], 0.0, 0.0, None), (['very', 'deep'], 0.0, 0.52, None), (['old'], 0.1, 0.2, None), (['other'], -0.125, 0.375, None), (['cross'], 0.0, 0.0, None), (['traditional'], 0.0, 0.75, None), (['general'], 0.05000000000000002, 0.5, None), (['public'], 0.0, 0.06666666666666667, None), (['similar'], 0.0, 0.4, None)]
