polarity: 0.08628205128205128
subjectivity: 0.3921367521367521
assessments: [(['british'], 0.0, 0.0, None), (['victim'], -0.07500000000000001, 0.05, None), (['mixed'], 0.0, 0.25, None), (['victim'], -0.07500000000000001, 0.05, None), (['responsible'], 0.2, 0.55, None), (['other'], -0.125, 0.375, None), (['other'], -0.125, 0.375, None), (['social'], 0.03333333333333333, 0.06666666666666667, None), (['mixed'], 0.0, 0.25, None), (['high'], 0.16, 0.5399999999999999, None), (['victim'], -0.07500000000000001, 0.05, None), (['wrong'], -0.5, 0.9, None), (['traditional'], 0.0, 0.75, None), (['thanks'], 0.2, 0.2, None), (['smile'], 0.3, 0.1, None), (['social'], 0.03333333333333333, 0.06666666666666667, None), (['british'], 0.0, 0.0, None), (['traditional'], 0.0, 0.75, None), (['such'], 0.0, 0.5, None), (['british'], 0.0, 0.0, None), (['high'], 0.16, 0.5399999999999999, None), (['fair'], 0.7, 0.9, None), (['more'], 0.5, 0.5, None), (['superior'], 0.7, 0.9, None), (['other'], -0.125, 0.375, None), (['other'], -0.125, 0.375, None), (['brief'], 0.0, 0.3333333333333333, None), (['social'], 0.03333333333333333, 0.06666666666666667, None), (['british'], 0.0, 0.0, None), (['british'], 0.0, 0.0, None), (['high'], 0.16, 0.5399999999999999, None), (['traditional'], 0.0, 0.75, None), (['such'], 0.0, 0.5, None), (['better'], 0.5, 0.5, None), (['high'], 0.16, 0.5399999999999999, None), (['latest'], 0.5, 0.9, None), (['more'], 0.5, 0.5, None), (['traditional'], 0.0, 0.75, None), (['heavy', '!'], -0.25, 0.5, None)]
