polarity: 0.015237757034632031
subjectivity: 0.42535849567099565
assessments: [(['new'], 0.13636363636363635, 0.45454545454545453, None), (['local'], 0.0, 0.0, None), (['normal'], 0.15, 0.6499999999999999, None), (['new'], 0.13636363636363635, 0.45454545454545453, None), (['such'], 0.0, 0.5, None), (['currently'], 0.0, 0.4, None), (['primary'], 0.4, 0.5, None), (['traditional'], 0.0, 0.75, None), (['french'], 0.0, 0.0, None), (['international'], 0.0, 0.0, None), (['other'], -0.125, 0.375, None), (['dry'], -0.06666666666666665, 0.6, None), (['right'], 0.2857142857142857, 0.5357142857142857, None), (['less'], -0.16666666666666666, 0.06666666666666667, None), (['more'], 0.5, 0.5, None), (['negative'], -0.3, 0.4, None), (['long'], -0.05, 0.4, None), (['little'], -0.1875, 0.5, None), (['normal'], 0.15, 0.6499999999999999, None), (['not', 'only'], -0.0, 1.0, None), (['such'], 0.0, 0.5, None), (['difficult'], -0.5, 1.0, None), (['few'], -0.2, 0.1, None), (['more'], 0.5, 0.5, None), (['responsible'], 0.2, 0.55, None), (['other'], -0.125, 0.375, None), (['necessarily'], 0.0, 1.0, None), (['external'], 0.0, 0.1, None), (['back'], 0.0, 0.0, None), (['daily'], 0.0, 0.0, None), (['traditional'], 0.0, 0.75, None), (['subsequently', 'destroying', '!'], -0.25, 0.0, None)]
