polarity: -0.029398148148148156
subjectivity: 0.39814814814814814
assessments: [(['responsible'], 0.2, 0.55, None), (['traditional'], 0.0, 0.75, None), (['recently'], 0.0, 0.25, None), (['cutting'], -0.6, 0.9, None), (['down'], -0.15555555555555559, 0.2888888888888889, None), (['carelessly'], -0.5, 0.9, None), (['such'], 0.0, 0.5, None), (['real'], 0.2, 0.30000000000000004, None), (['supporting'], 0.25, 0.25, None), (['other'], -0.125, 0.375, None), (['basic'], 0.0, 0.125, None), (['responsible'], 0.2, 0.55, None), (['long'], -0.05, 0.4, None), (['not', 'only'], -0.0, 1.0, None), (['other'], -0.125, 0.375, None), (['equally'], 0.0, 0.25, None), (['really'], 0.2, 0.2, None), (['traditional'], 0.0, 0.75, None), (['last'], 0.0, 0.06666666666666667, None), (['same'], 0.0, 0.125, None), (['trapped'], -0.2, 0.0, None), (['currently'], 0.0, 0.4, None), (['medical'], 0.0, 0.0, None), (['central', '!'], 0.0, 0.25, None)]
